# Play taraması kontrol-kilic — 5/7 geçti (Kılıç: 5/7)
3-2 Emici Adım [Kılıç] KALDI: sıçrama — hasarsız skill (base_damage 0): etki hareketin kendisi; vuruş 1: 0,52s@boss0,74m/oyuncu1,36m; kalıp sonu: merkeze 2,73 m, başlangıçtan 3,55 m, kalıp simülasyonundan 2,18 m, boss 2,18 m kaydı; gövdeye girdi: merkeze 0,09 m (t=0,48, temas 1,43) geçiş tasarım gereği; tek karede 0,64 m sıçrama (t=0,53, faz gec); boss tek karede 1,45 m sıçradı (t=0,53)
6-2 Emici Bağ [Kılıç] KALDI: isabet — hasar yok, etki görülmedi; vuruş 1: 0,70s@boss5,03m/oyuncu1,36m; kalıp sonu: merkeze 7,85 m, başlangıçtan 1,60 m, kalıp simülasyonundan 0,00 m, boss 3,25 m kaydı

=== kontrol 3-2 Emici Adım [Kılıç] başlangıç 3,0 m, kalıp icinden_emme, boss r=0,93, oyuncu r=0,50, temas 1,43
  sonuç: KALDI isabet=True konum=arka→arka gövde=True tek=True hata=True süre=True sıçrama_yok=False hasar=0,0 etki=[] bacak=[13/16 kare koşu, ayak/gövde hız oranı 0,26]
  not: hasarsız skill (base_damage 0): etki hareketin kendisi
  not: vuruş 1: 0,52s@boss0,74m/oyuncu1,36m
  not: kalıp sonu: merkeze 2,73 m, başlangıçtan 3,55 m, kalıp simülasyonundan 2,18 m, boss 2,18 m kaydı
  not: gövdeye girdi: merkeze 0,09 m (t=0,48, temas 1,43) geçiş tasarım gereği
  not: tek karede 0,64 m sıçrama (t=0,53, faz gec)
  not: boss tek karede 1,45 m sıçradı (t=0,53)
  log: LOG [Motion] 3-2 → İçinden geçip emme
  log: LOG [Mechanic] 3-2/Kılıç: Hedefi sana çekme · Girdap — kılıç yayı → çizgi 3.6m, sende (içine çeker). Etkiler: cek→düşman 3 [sana_dogru,yol:yay_kayma]; mermi_sil→düşman mermisi [yut]
  log: LOG [Mechanic] isabet 3-2/Kılıç: çekme
  t | faz | merkez_m | taraf(+ön/-arka) | yan_m | hız_mps | yaw | taban_state(norm) | üst_state | Speed | Playback | bossHP | oyuncuHP
  0.017 | - | 3.00 | 1.00 | 0.00 | 0.0 | 0 | Locomotion(25.47) | Empty | 0.00 | 1.00 | 112.4 | 11
  0.033 | - | 3.00 | 1.00 | 0.00 | 0.0 | 0 | Locomotion(25.48) | Empty | 0.00 | 1.00 | 112.4 | 11
  0.050 | - | 3.00 | 1.00 | 0.00 | 0.0 | 0 | Locomotion(25.49) | Empty | 0.00 | 1.00 | 112.4 | 11
  0.067 | - | 3.00 | 1.00 | 0.00 | 0.0 | 0 | CastSweep(0.06) | Empty | 0.00 | 1.00 | 112.4 | 11
  0.084 | - | 3.00 | 1.00 | 0.00 | 0.0 | 0 | CastSweep(0.07) | Empty | 0.00 | 1.00 | 112.4 | 11
  0.100 | - | 3.00 | 1.00 | 0.00 | 0.0 | 0 | CastSweep(0.09) | Empty | 0.00 | 1.00 | 112.4 | 11
  0.117 | - | 3.00 | 1.00 | 0.00 | 0.0 | 0 | CastSweep(0.11) | Empty | 0.00 | 1.00 | 112.4 | 11
  0.134 | - | 3.00 | 1.00 | 0.00 | 0.0 | 0 | CastSweep(0.13) | Empty | 0.00 | 1.00 | 112.4 | 11
  0.150 | - | 3.00 | 1.00 | 0.00 | 0.0 | 0 | CastSweep(0.15) | Empty | 0.00 | 1.00 | 112.4 | 11
  0.167 | - | 3.00 | 1.00 | 0.00 | 0.0 | 0 | CastSweep(0.17) | Empty | 0.00 | 1.00 | 112.4 | 11
  0.184 | - | 3.00 | 1.00 | 0.00 | 0.0 | 0 | CastSweep(0.19) | Empty | 0.00 | 1.00 | 112.4 | 11
  0.200 | - | 3.00 | 1.00 | 0.00 | 0.0 | 0 | CastSweep(0.20) | Empty | 0.00 | 1.00 | 112.4 | 11
  0.217 | - | 3.00 | 1.00 | 0.00 | 0.0 | 0 | CastSweep(0.22) | Empty | 0.00 | 1.00 | 112.4 | 11
  0.234 | - | 3.00 | 1.00 | 0.00 | 0.0 | 0 | CastSweep(0.24) | Empty | 0.00 | 1.00 | 112.4 | 11
  0.250 | - | 3.00 | 1.00 | 0.00 | 0.0 | 0 | CastSweep(0.26) | Empty | 0.00 | 1.00 | 112.4 | 11
  0.267 | - | 3.00 | 1.00 | 0.00 | 0.0 | 0 | CastSweep(0.28) | Empty | 0.00 | 1.00 | 112.4 | 11
  0.284 | - | 3.00 | 1.00 | 0.00 | 0.0 | 0 | CastSweep(0.30) | Empty | 0.00 | 1.00 | 112.4 | 11
  0.301 | - | 3.00 | 1.00 | 0.00 | 0.0 | 0 | CastSweep(0.32) | Empty | 0.00 | 1.00 | 112.4 | 11
  0.316 | - | 3.00 | 1.00 | 0.00 | 0.0 | 0 | CastSweep(0.33) | Empty | 0.00 | 1.00 | 112.4 | 11
  0.334 | - | 3.00 | 1.00 | 0.00 | 0.0 | 0 | CastSweep(0.35) | Empty | 0.00 | 1.00 | 112.4 | 11
  0.351 | - | 3.00 | 1.00 | 0.00 | 0.0 | 0 | CastSweep(0.37) | Empty | 0.00 | 1.00 | 112.4 | 11
  0.367 | gec | 2.66 | 1.00 | 0.00 | 20.5 | 0 | CastSweep(0.02) | Empty | 2.24 | 2.40 | 112.4 | 11
  0.384 | gec | 2.32 | 1.00 | 0.00 | 20.4 | 0 | CastSweep(0.04) | Empty | 2.24 | 2.40 | 112.4 | 11
  0.400 | gec | 1.97 | 1.00 | 0.00 | 20.2 | 0 | CastSweep(0.05) | Empty | 2.24 | 2.40 | 112.4 | 11
  0.418 | gec | 1.57 | 1.00 | 0.00 | 19.8 | 0 | Locomotion(0.17) | Empty | 2.24 | 2.40 | 112.4 | 11
  0.433 | gec | 1.22 | 1.00 | 0.00 | 19.3 | 0 | Locomotion(0.22) | Empty | 2.24 | 2.40 | 112.4 | 11
  0.450 | gec | 0.84 | 1.00 | 0.00 | 18.7 | 0 | Locomotion(0.27) | Empty | 2.24 | 2.40 | 112.4 | 11
  0.467 | gec | 0.47 | 1.00 | 0.00 | 18.0 | 0 | Locomotion(0.33) | Empty | 2.24 | 2.40 | 112.4 | 11
  0.484 | gec | 0.09 | 1.00 | 0.00 | 17.2 | 0 | Locomotion(0.38) | Empty | 2.24 | 2.40 | 112.4 | 11
  0.500 | gec | 0.26 | -1.00 | 0.00 | 16.4 | 180 | Locomotion(0.33) | Empty | 2.24 | -2.40 | 112.4 | 11
  0.517 | gec | 0.62 | -1.00 | 0.00 | 15.6 | 180 | Locomotion(0.28) | Empty | 2.24 | -2.40 | 112.4 | 11 | VURUŞ@boss0,74m
  0.533 | gec | 1.42 | -1.00 | 0.00 | 39.3 | 180 | Locomotion(0.33) | Empty | 2.24 | 2.40 | 112.4 | 11
  0.550 | gec | 1.65 | -1.00 | -0.01 | 13.2 | 180 | Locomotion(0.28) | Empty | 2.24 | -2.06 | 112.4 | 11
  0.567 | gec | 1.89 | -1.00 | 0.01 | 11.2 | 180 | Locomotion(0.24) | Empty | 2.24 | -1.74 | 112.4 | 11
  0.583 | gec | 2.11 | -1.00 | 0.01 | 11.7 | 180 | Locomotion(0.20) | Empty | 2.24 | -1.82 | 112.4 | 11
  0.600 | gec | 2.34 | -1.00 | -0.02 | 10.9 | 180 | Locomotion(0.16) | Empty | 2.24 | -1.71 | 112.4 | 11
  0.618 | gec | 2.57 | -1.00 | 0.01 | 10.3 | 180 | Locomotion(0.12) | Empty | 2.24 | -1.61 | 112.4 | 11
  0.633 | - | 2.73 | -1.00 | -0.02 | 9.3 | 180 | Locomotion(0.09) | Empty | 2.24 | -1.50 | 112.4 | 11
  0.650 | - | 2.77 | -1.00 | -0.02 | 0.0 | 180 | Locomotion(0.07) | Empty | 1.85 | -1.06 | 112.4 | 11
  0.667 | - | 2.81 | -1.00 | -0.03 | 0.0 | 179 | Locomotion(0.06) | Empty | 1.53 | -0.71 | 112.4 | 11
  0.684 | - | 2.84 | -1.00 | -0.03 | 0.0 | 179 | Locomotion(0.05) | Empty | 1.26 | -0.41 | 112.4 | 11
  0.701 | - | 2.86 | -1.00 | -0.03 | 0.0 | 179 | Locomotion(0.05) | Empty | 1.04 | -0.16 | 112.4 | 11
  0.717 | - | 2.87 | -1.00 | -0.03 | 0.0 | 179 | Locomotion(0.05) | Empty | 0.86 | 0.03 | 112.4 | 11
  0.734 | - | 2.87 | -1.00 | -0.03 | 0.0 | 179 | Locomotion(0.06) | Empty | 0.72 | 0.20 | 112.4 | 11
  0.750 | - | 2.86 | -1.00 | -0.03 | 0.0 | 179 | Locomotion(0.06) | Empty | 0.59 | 0.34 | 112.4 | 11
  0.767 | - | 2.83 | -1.00 | -0.03 | 0.0 | 179 | Locomotion(0.06) | Empty | 0.49 | 0.45 | 112.4 | 11
  0.784 | - | 2.80 | -1.00 | -0.03 | 0.0 | 179 | Locomotion(0.07) | Empty | 0.41 | 0.55 | 112.4 | 11
  0.801 | - | 2.77 | -1.00 | -0.03 | 0.0 | 179 | Locomotion(0.08) | Empty | 0.33 | 0.63 | 112.4 | 11
  0.817 | - | 2.74 | -1.00 | -0.03 | 0.0 | 179 | Locomotion(0.08) | Empty | 0.28 | 0.69 | 112.4 | 11
  0.834 | - | 2.71 | -1.00 | -0.03 | 0.0 | 179 | Locomotion(0.09) | Empty | 0.23 | 0.74 | 112.4 | 11
  0.850 | - | 2.68 | -1.00 | -0.03 | 0.0 | 179 | Locomotion(0.10) | Empty | 0.19 | 0.79 | 112.4 | 11
  0.867 | - | 2.66 | -1.00 | -0.03 | 0.0 | 179 | Locomotion(0.10) | Empty | 0.16 | 0.82 | 112.4 | 11
  0.884 | - | 2.63 | -1.00 | -0.03 | 0.0 | 179 | Locomotion(0.11) | Empty | 0.13 | 0.85 | 112.4 | 11
  0.900 | - | 2.61 | -1.00 | -0.03 | 0.0 | 179 | Locomotion(0.12) | Empty | 0.11 | 0.88 | 112.4 | 11
  0.917 | - | 2.59 | -1.00 | -0.03 | 0.0 | 179 | Locomotion(0.13) | Empty | 0.09 | 0.90 | 112.4 | 11
  0.934 | - | 2.57 | -1.00 | -0.03 | 0.0 | 179 | Locomotion(0.14) | Empty | 0.07 | 0.92 | 112.4 | 11
  0.950 | - | 2.55 | -1.00 | -0.03 | 0.0 | 179 | Locomotion(0.15) | Empty | 0.06 | 0.93 | 112.4 | 11
  0.967 | - | 2.53 | -1.00 | -0.03 | 0.0 | 179 | Locomotion(0.16) | Empty | 0.05 | 0.94 | 112.4 | 11
  0.984 | - | 2.52 | -1.00 | -0.03 | 0.0 | 179 | Locomotion(0.16) | Empty | 0.04 | 0.95 | 112.4 | 11
  1.000 | - | 2.50 | -1.00 | -0.03 | 0.0 | 179 | Locomotion(0.17) | Empty | 0.03 | 0.96 | 112.4 | 11
  1.017 | - | 2.48 | -1.00 | -0.03 | 0.0 | 179 | Locomotion(0.18) | Empty | 0.03 | 0.97 | 112.4 | 11
  1.034 | - | 2.47 | -1.00 | -0.03 | 0.0 | 179 | Locomotion(0.19) | Empty | 0.02 | 0.97 | 112.4 | 11
  1.050 | - | 2.46 | -1.00 | -0.03 | 0.0 | 179 | Locomotion(0.20) | Empty | 0.02 | 0.98 | 112.4 | 11
  1.068 | - | 2.44 | -1.00 | -0.03 | 0.0 | 179 | Locomotion(0.21) | Empty | 0.02 | 0.98 | 112.4 | 11
  1.084 | - | 2.43 | -1.00 | -0.03 | 0.0 | 179 | Locomotion(0.22) | Empty | 0.01 | 0.98 | 112.4 | 11
  1.100 | - | 2.42 | -1.00 | -0.03 | 0.0 | 179 | Locomotion(0.23) | Empty | 0.01 | 0.99 | 112.4 | 11
  1.117 | - | 2.41 | -1.00 | -0.03 | 0.0 | 179 | Locomotion(0.24) | Empty | 0.01 | 0.99 | 112.4 | 11
  1.134 | - | 2.40 | -1.00 | -0.03 | 0.0 | 179 | Locomotion(0.24) | Empty | 0.01 | 0.99 | 112.4 | 11
  1.150 | - | 2.39 | -1.00 | -0.03 | 0.0 | 179 | Locomotion(0.25) | Empty | 0.01 | 0.99 | 112.4 | 11

=== kontrol 3-6 Bağlayıcı Adım [Kılıç] başlangıç 3,0 m, kalıp kanca_cekis, boss r=0,93, oyuncu r=0,50, temas 1,43
  sonuç: GEÇTİ isabet=True konum=arka→arka gövde=True tek=True hata=True süre=True sıçrama_yok=True hasar=0,0 etki=[boss:Root+Slow, boss hız x0,00] bacak=[32/35 kare koşu, ayak/gövde hız oranı 0,43]
  not: vuruş 1: 1,02s@boss0,00m/oyuncu1,59m
  not: kalıp sonu: merkeze 1,58 m, başlangıçtan 4,63 m, kalıp simülasyonundan 0,05 m
  log: LOG [Motion] 3-6 → Kanca çekiş
  log: LOG [Mechanic] 3-6/Kılıç: Yer değiştirme · Bağ — kılıç yayı → bağ 3.6m, sende (sen↔hedef bağı, tik tik). Etkiler: yer_degistir→düşman 3 [iki_uc,yol:yay_kayma]; hareket→düşman 1.5sn [bag_ucu]; hareket→düşman 0.7 1.5sn [bag_ucu,yavas]
  log: LOG [Mechanic] isabet 3-6/Kılıç: yer değiştirme kalıpta, Root 1,5sn
  t | faz | merkez_m | taraf(+ön/-arka) | yan_m | hız_mps | yaw | taban_state(norm) | üst_state | Speed | Playback | bossHP | oyuncuHP
  0.017 | - | 3.00 | 1.00 | 0.00 | 0.0 | 0 | Locomotion(0.48) | Empty | 0.00 | 1.00 | 112.4 | 11
  0.033 | - | 3.01 | 1.00 | 0.00 | 0.0 | 0 | Locomotion(0.49) | Empty | 0.00 | 1.00 | 112.4 | 11
  0.051 | - | 3.01 | 1.00 | 0.00 | 0.0 | 0 | Locomotion(0.50) | Empty | 0.00 | 1.00 | 112.4 | 11
  0.067 | - | 3.01 | 1.00 | 0.00 | 0.0 | 0 | CastSweep(0.06) | Empty | 0.00 | 1.00 | 112.4 | 11
  0.083 | - | 3.01 | 1.00 | 0.00 | 0.0 | 0 | CastSweep(0.07) | Empty | 0.00 | 1.00 | 112.4 | 11
  0.100 | - | 3.01 | 1.00 | 0.00 | 0.0 | 0 | CastSweep(0.09) | Empty | 0.00 | 1.00 | 112.4 | 11
  0.117 | - | 3.02 | 1.00 | 0.00 | 0.0 | 0 | CastSweep(0.11) | Empty | 0.00 | 1.00 | 112.4 | 11
  0.134 | - | 3.02 | 1.00 | 0.00 | 0.0 | 0 | CastSweep(0.13) | Empty | 0.00 | 1.00 | 112.4 | 11
  0.151 | - | 3.02 | 1.00 | 0.00 | 0.0 | 0 | CastSweep(0.15) | Empty | 0.00 | 1.00 | 112.4 | 11
  0.167 | - | 3.02 | 1.00 | 0.00 | 0.0 | 0 | CastSweep(0.17) | Empty | 0.00 | 1.00 | 112.4 | 11
  0.184 | - | 3.02 | 1.00 | 0.00 | 0.0 | 0 | CastSweep(0.19) | Empty | 0.00 | 1.00 | 112.4 | 11
  0.200 | - | 3.02 | 1.00 | 0.00 | 0.0 | 0 | CastSweep(0.20) | Empty | 0.00 | 1.00 | 112.4 | 11
  0.217 | - | 3.03 | 1.00 | 0.00 | 0.0 | 0 | CastSweep(0.22) | Empty | 0.00 | 1.00 | 112.4 | 11
  0.233 | - | 3.03 | 1.00 | 0.00 | 0.0 | 0 | CastSweep(0.24) | Empty | 0.00 | 1.00 | 112.4 | 11
  0.250 | - | 3.03 | 1.00 | 0.00 | 0.0 | 0 | CastSweep(0.26) | Empty | 0.00 | 1.00 | 112.4 | 11
  0.267 | - | 3.03 | 1.00 | 0.00 | 0.0 | 0 | CastSweep(0.28) | Empty | 0.00 | 1.00 | 112.4 | 11
  0.284 | - | 3.03 | 1.00 | 0.00 | 0.0 | 0 | CastSweep(0.30) | Empty | 0.00 | 1.00 | 112.4 | 11
  0.301 | - | 3.03 | 1.00 | 0.00 | 0.0 | 0 | CastSweep(0.32) | Empty | 0.00 | 1.00 | 112.4 | 11
  0.317 | - | 3.03 | 1.00 | 0.00 | 0.0 | 0 | CastSweep(0.33) | Empty | 0.00 | 1.00 | 112.4 | 11
  0.334 | - | 3.03 | 1.00 | 0.00 | 0.0 | 0 | CastSweep(0.35) | Empty | 0.00 | 1.00 | 112.4 | 11
  0.350 | - | 3.03 | 1.00 | 0.00 | 0.0 | 0 | CastSweep(0.37) | Empty | 0.00 | 1.00 | 112.4 | 11
  0.367 | at | 3.04 | 1.00 | 0.00 | 0.0 | 0 | CastSweep(0.02) | Empty | 0.00 | 1.00 | 112.4 | 11
  0.384 | at | 3.04 | 1.00 | 0.00 | 0.0 | 0 | CastSweep(0.04) | Empty | 0.00 | 1.00 | 112.4 | 11
  0.400 | at | 3.04 | 1.00 | 0.00 | 0.0 | 0 | CastSweep(0.06) | Empty | 0.00 | 1.00 | 112.4 | 11
  0.417 | at | 3.04 | 1.00 | 0.00 | 0.0 | 0 | CastShoot(0.06) | Empty | 0.00 | 1.00 | 112.4 | 11
  0.434 | at | 3.04 | 1.00 | 0.00 | 0.0 | 0 | CastShoot(0.08) | Empty | 0.00 | 1.00 | 112.4 | 11
  0.450 | at | 3.04 | 1.00 | 0.00 | 0.0 | 0 | CastShoot(0.10) | Empty | 0.00 | 1.00 | 112.4 | 11
  0.467 | at | 3.04 | 1.00 | 0.00 | 0.0 | 0 | CastShoot(0.12) | Empty | 0.00 | 1.00 | 112.4 | 11
  0.483 | at | 3.04 | 1.00 | 0.00 | 0.0 | 0 | CastShoot(0.14) | Empty | 0.00 | 1.00 | 112.4 | 11
  0.500 | at | 3.04 | 1.00 | 0.00 | 0.0 | 0 | CastShoot(0.16) | Empty | 0.00 | 1.00 | 112.4 | 11
  0.517 | cek | 3.01 | 1.00 | 0.00 | 1.9 | 0 | CastShoot(0.18) | Empty | 2.24 | 1.03 | 112.4 | 11
  0.533 | cek | 2.94 | 1.00 | 0.00 | 4.6 | 0 | CastShoot(0.20) | Empty | 2.24 | 1.50 | 112.4 | 11
  0.551 | cek | 2.86 | 1.00 | 0.00 | 4.6 | 0 | CastShoot(0.22) | Empty | 2.24 | 1.50 | 112.4 | 11
  0.567 | cek | 2.78 | 1.00 | 0.00 | 4.6 | 0 | Locomotion(0.10) | Empty | 2.24 | 1.50 | 112.4 | 11
  0.583 | cek | 2.71 | 1.00 | 0.00 | 4.6 | 0 | Locomotion(0.14) | Empty | 2.24 | 1.50 | 112.4 | 11
  0.600 | cek | 2.63 | 1.00 | 0.00 | 4.6 | 0 | Locomotion(0.17) | Empty | 2.24 | 1.50 | 112.4 | 11
  0.617 | cek | 2.56 | 1.00 | 0.00 | 4.6 | 0 | Locomotion(0.20) | Empty | 2.24 | 1.50 | 112.4 | 11
  0.634 | cek | 2.48 | 1.00 | 0.00 | 4.6 | 0 | Locomotion(0.24) | Empty | 2.24 | 1.50 | 112.4 | 11
  0.650 | cek | 2.40 | 1.00 | 0.00 | 4.6 | 0 | Locomotion(0.27) | Empty | 2.24 | 1.50 | 112.4 | 11
  0.667 | cek | 2.33 | 1.00 | 0.00 | 4.6 | 0 | Locomotion(0.31) | Empty | 2.24 | 1.50 | 112.4 | 11
  0.683 | cek | 2.25 | 1.00 | 0.00 | 4.6 | 0 | Locomotion(0.34) | Empty | 2.24 | 1.50 | 112.4 | 11
  0.700 | cek | 2.18 | 1.00 | 0.00 | 4.6 | 0 | Locomotion(0.37) | Empty | 2.24 | 1.50 | 112.4 | 11
  0.717 | cek | 2.10 | 1.00 | 0.00 | 4.6 | 0 | Locomotion(0.41) | Empty | 2.24 | 1.50 | 112.4 | 11
  0.734 | cek | 2.02 | 1.00 | 0.00 | 4.6 | 0 | Locomotion(0.44) | Empty | 2.24 | 1.50 | 112.4 | 11
  0.750 | cek | 1.95 | 1.00 | 0.00 | 4.6 | 0 | Locomotion(0.48) | Empty | 2.24 | 1.50 | 112.4 | 11
  0.767 | cek | 1.87 | 1.00 | 0.00 | 4.6 | 0 | Locomotion(0.51) | Empty | 2.24 | 1.50 | 112.4 | 11
  0.784 | cek | 1.80 | 1.00 | 0.00 | 4.6 | 0 | Locomotion(0.55) | Empty | 2.24 | 1.50 | 112.4 | 11
  0.800 | cek | 1.72 | 1.00 | 0.00 | 4.6 | 0 | Locomotion(0.58) | Empty | 2.24 | 1.50 | 112.4 | 11
  0.817 | cek | 1.64 | 1.00 | 0.00 | 4.6 | 0 | Locomotion(0.61) | Empty | 2.24 | 1.50 | 112.4 | 11
  0.834 | as | 1.58 | 1.00 | 0.07 | 5.7 | 89 | Locomotion(0.65) | Empty | 2.24 | 1.50 | 112.4 | 11
  0.850 | as | 1.59 | 0.97 | 0.39 | 19.1 | 83 | Locomotion(0.70) | Empty | 2.24 | 2.40 | 112.4 | 11
  0.867 | as | 1.59 | 0.90 | 0.68 | 19.1 | 77 | Locomotion(0.76) | Empty | 2.24 | 2.40 | 112.4 | 11
  0.883 | as | 1.59 | 0.80 | 0.95 | 19.1 | 71 | Locomotion(0.81) | UpperCastSlam | 2.24 | 2.40 | 112.4 | 11
  0.900 | as | 1.59 | 0.66 | 1.19 | 19.1 | 66 | Locomotion(0.87) | UpperCastSlam | 2.24 | 2.40 | 112.4 | 11
  0.917 | as | 1.59 | 0.50 | 1.37 | 19.1 | 60 | Locomotion(0.92) | UpperCastSlam | 2.24 | 2.40 | 112.4 | 11
  0.934 | as | 1.59 | 0.31 | 1.51 | 19.1 | 54 | Locomotion(0.98) | UpperCastSlam | 2.24 | 2.40 | 112.4 | 11
  0.951 | as | 1.59 | 0.11 | 1.58 | 19.1 | 48 | Locomotion(1.03) | UpperCastSlam | 2.24 | 2.40 | 112.4 | 11
  0.967 | as | 1.59 | -0.09 | 1.58 | 19.1 | 43 | Locomotion(1.08) | UpperCastSlam | 2.24 | 2.40 | 112.4 | 11
  0.984 | as | 1.59 | -0.29 | 1.52 | 19.1 | 37 | Locomotion(1.14) | UpperCastSlam | 2.24 | 2.40 | 112.4 | 11
  1.000 | as | 1.59 | -0.47 | 1.40 | 19.1 | 31 | Locomotion(1.19) | UpperCastSlam | 2.24 | 2.40 | 112.4 | 11
  1.017 | as | 1.59 | -0.64 | 1.22 | 19.1 | 25 | Locomotion(1.25) | UpperCastSlam | 2.24 | 2.40 | 112.4 | 11 | VURUŞ@boss0,00m
  1.033 | as | 1.59 | -0.77 | 1.00 | 19.1 | 20 | Locomotion(1.30) | UpperCastSlam | 2.24 | 2.40 | 112.4 | 11
  1.050 | as | 1.59 | -0.89 | 0.73 | 19.1 | 14 | Locomotion(1.36) | UpperCastSlam | 2.24 | 2.40 | 112.4 | 11
  1.067 | as | 1.59 | -0.96 | 0.43 | 19.1 | 8 | Locomotion(1.41) | UpperCastSlam | 2.24 | 2.40 | 112.4 | 11
  1.084 | as | 1.58 | -1.00 | 0.10 | 19.1 | 2 | Locomotion(1.47) | UpperCastSlam | 2.24 | 2.40 | 112.4 | 11
  1.100 | - | 1.58 | -1.00 | 0.00 | 6.6 | 0 | Locomotion(1.50) | UpperCastSlam | 2.24 | 1.50 | 112.4 | 11
  1.117 | - | 1.58 | -1.00 | 0.00 | 0.0 | 0 | Locomotion(1.53) | UpperCastSlam | 1.84 | 1.41 | 112.4 | 11
  1.134 | - | 1.58 | -1.00 | 0.00 | 0.0 | 0 | Locomotion(1.55) | UpperCastSlam | 1.52 | 1.34 | 112.4 | 11
  1.150 | - | 1.58 | -1.00 | 0.00 | 0.0 | 0 | Locomotion(1.57) | UpperCastSlam | 1.26 | 1.28 | 112.4 | 11
  1.167 | - | 1.58 | -1.00 | 0.00 | 0.0 | 0 | Locomotion(1.58) | UpperCastSlam | 1.04 | 1.23 | 112.4 | 11
  1.184 | - | 1.58 | -1.00 | 0.00 | 0.0 | 0 | Locomotion(1.60) | UpperCastSlam | 0.86 | 1.19 | 112.4 | 11
  1.201 | - | 1.58 | -1.00 | 0.00 | 0.0 | 0 | Locomotion(1.61) | UpperCastSlam | 0.71 | 1.16 | 112.4 | 11
  1.217 | - | 1.58 | -1.00 | 0.00 | 0.0 | 0 | Locomotion(1.62) | UpperCastSlam | 0.59 | 1.13 | 112.4 | 11
  1.234 | - | 1.58 | -1.00 | 0.00 | 0.0 | 0 | Locomotion(1.63) | UpperCastSlam | 0.49 | 1.11 | 112.4 | 11
  1.250 | - | 1.58 | -1.00 | 0.00 | 0.0 | 0 | Locomotion(1.64) | UpperCastSlam | 0.41 | 1.09 | 112.4 | 11
  1.269 | - | 1.58 | -1.00 | 0.00 | 0.0 | 0 | Locomotion(1.66) | UpperCastSlam | 0.33 | 1.07 | 112.4 | 11
  1.284 | - | 1.58 | -1.00 | 0.00 | 0.0 | 0 | Locomotion(1.67) | UpperCastSlam | 0.28 | 1.06 | 112.4 | 11
  1.300 | - | 1.58 | -1.00 | 0.00 | 0.0 | 0 | Locomotion(1.68) | UpperCastSlam | 0.23 | 1.05 | 112.4 | 11
  1.317 | - | 1.58 | -1.00 | 0.00 | 0.0 | 0 | Locomotion(1.69) | UpperCastSlam | 0.19 | 1.04 | 112.4 | 11
  1.335 | - | 1.58 | -1.00 | 0.00 | 0.0 | 0 | Locomotion(1.70) | UpperCastSlam | 0.16 | 1.03 | 112.4 | 11
  1.379 | - | 1.58 | -1.00 | 0.00 | 0.0 | 0 | Locomotion(1.72) | UpperCastSlam | 0.10 | 1.02 | 112.4 | 11
  1.383 | - | 1.58 | -1.00 | 0.00 | 0.0 | 0 | Locomotion(1.72) | UpperCastSlam | 0.10 | 1.02 | 112.4 | 11
  1.399 | - | 1.58 | -1.00 | 0.00 | 0.0 | 0 | Locomotion(1.73) | UpperCastSlam | 0.08 | 1.02 | 112.4 | 11
  1.416 | - | 1.58 | -1.00 | 0.00 | 0.0 | 0 | Locomotion(1.74) | UpperCastSlam | 0.07 | 1.01 | 112.4 | 11
  1.432 | - | 1.58 | -1.00 | 0.00 | 0.0 | 0 | Locomotion(1.75) | UpperCastSlam | 0.05 | 1.01 | 112.4 | 11
  1.449 | - | 1.58 | -1.00 | 0.00 | 0.0 | 0 | Locomotion(1.76) | UpperCastSlam | 0.05 | 1.01 | 112.4 | 11
  1.466 | - | 1.58 | -1.00 | 0.00 | 0.0 | 0 | Locomotion(1.77) | UpperCastSlam | 0.04 | 1.01 | 112.4 | 11
  1.482 | - | 1.58 | -1.00 | 0.00 | 0.0 | 0 | Locomotion(1.78) | UpperCastSlam | 0.03 | 1.01 | 112.4 | 11
  1.499 | - | 1.58 | -1.00 | 0.00 | 0.0 | 0 | Locomotion(1.79) | UpperCastSlam | 0.03 | 1.01 | 112.4 | 11
  1.516 | - | 1.58 | -1.00 | 0.00 | 0.0 | 0 | Locomotion(1.80) | UpperCastSlam | 0.02 | 1.00 | 112.4 | 11
  1.532 | - | 1.58 | -1.00 | 0.00 | 0.0 | 0 | Locomotion(1.81) | UpperCastSlam | 0.02 | 1.00 | 112.4 | 11
  1.550 | - | 1.58 | -1.00 | 0.00 | 0.0 | 0 | Locomotion(1.82) | UpperCastSlam | 0.01 | 1.00 | 112.4 | 11
  1.566 | - | 1.58 | -1.00 | 0.00 | 0.0 | 0 | Locomotion(1.83) | UpperCastSlam | 0.01 | 1.00 | 112.4 | 11
  1.582 | - | 1.58 | -1.00 | 0.00 | 0.0 | 0 | Locomotion(1.83) | UpperCastSlam | 0.01 | 1.00 | 112.4 | 11
  1.599 | - | 1.58 | -1.00 | 0.00 | 0.0 | 0 | Locomotion(1.84) | UpperCastSlam | 0.01 | 1.00 | 112.4 | 11
  1.615 | - | 1.58 | -1.00 | 0.00 | 0.0 | 0 | Locomotion(1.85) | UpperCastSlam | 0.01 | 1.00 | 112.4 | 11

=== kontrol 3-12 Akan Adım [Kılıç] başlangıç 3,0 m, kalıp suzulme, boss r=0,93, oyuncu r=0,50, temas 1,43
  sonuç: GEÇTİ isabet=True konum=ön→ön gövde=True tek=True hata=True süre=True sıçrama_yok=True hasar=0,0 etki=[] bacak=[]
  not: hasarsız skill (base_damage 0): etki hareketin kendisi
  not: kalıp sonu: merkeze 1,90 m, başlangıçtan 1,10 m, kalıp simülasyonundan 0,00 m
  log: LOG [Motion] 3-12 → Süzülme
  log: LOG [Mechanic] 3-12/Kılıç: Süzülme · Akış — kılıç yayı → çizgi 3.6m, sende (sürekli akar, tik tik). Etkiler: kendini_tasi→sen 3 3sn [suzulme,yol:yay_kayma]
  t | faz | merkez_m | taraf(+ön/-arka) | yan_m | hız_mps | yaw | taban_state(norm) | üst_state | Speed | Playback | bossHP | oyuncuHP
  0.017 | - | 3.00 | 1.00 | 0.00 | 0.0 | 0 | Locomotion(2.22) | Empty | 0.00 | 1.00 | 112.4 | 11
  0.034 | - | 3.00 | 1.00 | 0.00 | 0.0 | 0 | Locomotion(2.23) | Empty | 0.00 | 1.00 | 112.4 | 11
  0.050 | - | 3.00 | 1.00 | 0.00 | 0.0 | 0 | Locomotion(2.24) | Empty | 0.00 | 1.00 | 112.4 | 11
  0.067 | - | 3.00 | 1.00 | 0.00 | 0.0 | 0 | CastSweep(0.05) | Empty | 0.00 | 1.00 | 112.4 | 11
  0.083 | - | 3.00 | 1.00 | 0.00 | 0.0 | 0 | CastSweep(0.07) | Empty | 0.00 | 1.00 | 112.4 | 11
  0.100 | - | 3.00 | 1.00 | 0.00 | 0.0 | 0 | CastSweep(0.09) | Empty | 0.00 | 1.00 | 112.4 | 11
  0.117 | - | 3.00 | 1.00 | 0.00 | 0.0 | 0 | CastSweep(0.11) | Empty | 0.00 | 1.00 | 112.4 | 11
  0.133 | - | 3.00 | 1.00 | 0.00 | 0.0 | 0 | CastSweep(0.13) | Empty | 0.00 | 1.00 | 112.4 | 11
  0.151 | - | 3.00 | 1.00 | 0.00 | 0.0 | 0 | CastSweep(0.15) | Empty | 0.00 | 1.00 | 112.4 | 11
  0.167 | - | 3.00 | 1.00 | 0.00 | 0.0 | 0 | CastSweep(0.17) | Empty | 0.00 | 1.00 | 112.4 | 11
  0.184 | - | 3.00 | 1.00 | 0.00 | 0.0 | 0 | CastSweep(0.19) | Empty | 0.00 | 1.00 | 112.4 | 11
  0.201 | - | 3.00 | 1.00 | 0.00 | 0.0 | 0 | CastSweep(0.20) | Empty | 0.00 | 1.00 | 112.4 | 11
  0.217 | - | 3.00 | 1.00 | 0.00 | 0.0 | 0 | CastSweep(0.22) | Empty | 0.00 | 1.00 | 112.4 | 11
  0.234 | - | 3.00 | 1.00 | 0.00 | 0.0 | 0 | CastSweep(0.24) | Empty | 0.00 | 1.00 | 112.4 | 11
  0.251 | - | 3.00 | 1.00 | 0.00 | 0.0 | 0 | CastSweep(0.26) | Empty | 0.00 | 1.00 | 112.4 | 11
  0.267 | - | 3.00 | 1.00 | 0.00 | 0.0 | 0 | CastSweep(0.28) | Empty | 0.00 | 1.00 | 112.4 | 11
  0.284 | - | 3.00 | 1.00 | 0.00 | 0.0 | 0 | CastSweep(0.30) | Empty | 0.00 | 1.00 | 112.4 | 11
  0.300 | - | 3.00 | 1.00 | 0.00 | 0.0 | 0 | CastSweep(0.31) | Empty | 0.00 | 1.00 | 112.4 | 11
  0.317 | - | 3.00 | 1.00 | 0.00 | 0.0 | 0 | CastSweep(0.33) | Empty | 0.00 | 1.00 | 112.4 | 11
  0.333 | - | 3.00 | 1.00 | 0.00 | 0.0 | 0 | CastSweep(0.35) | Empty | 0.00 | 1.00 | 112.4 | 11
  0.350 | - | 3.00 | 1.00 | 0.00 | 0.0 | 0 | CastSweep(0.37) | Empty | 0.00 | 1.00 | 112.4 | 11
  0.367 | suz | 2.99 | 1.00 | 0.00 | 0.4 | 0 | CastSweep(0.02) | Empty | 0.45 | 1.00 | 112.4 | 11
  0.384 | suz | 2.99 | 1.00 | 0.00 | 0.4 | 0 | CastSweep(0.04) | Empty | 0.44 | 1.00 | 112.4 | 11
  0.401 | suz | 2.98 | 1.00 | 0.00 | 0.4 | 0 | CastSweep(0.06) | Empty | 0.44 | 1.00 | 112.4 | 11
  0.417 | suz | 2.98 | 1.00 | 0.00 | 0.4 | 0 | CastSweep(0.07) | UpperCastChannel | 0.44 | 1.00 | 112.4 | 11
  0.434 | suz | 2.97 | 1.00 | 0.00 | 0.4 | 0 | CastSweep(0.09) | UpperCastChannel | 0.44 | 1.00 | 112.4 | 11
  0.450 | suz | 2.96 | 1.00 | 0.00 | 0.4 | 0 | CastSweep(0.11) | UpperCastChannel | 0.44 | 1.00 | 112.4 | 11
  0.467 | suz | 2.96 | 1.00 | 0.00 | 0.4 | 0 | CastSweep(0.13) | UpperCastChannel | 0.44 | 1.00 | 112.4 | 11
  0.485 | suz | 2.95 | 1.00 | 0.00 | 0.4 | 0 | CastSweep(0.15) | UpperCastChannel | 0.44 | 1.00 | 112.4 | 11
  0.500 | suz | 2.94 | 1.00 | 0.00 | 0.4 | 0 | CastSweep(0.17) | UpperCastChannel | 0.44 | 1.00 | 112.4 | 11
  0.517 | suz | 2.94 | 1.00 | 0.00 | 0.4 | 0 | CastSweep(0.19) | UpperCastChannel | 0.44 | 1.00 | 112.4 | 11
  0.533 | suz | 2.93 | 1.00 | 0.00 | 0.4 | 0 | CastSweep(0.20) | UpperCastChannel | 0.44 | 1.00 | 112.4 | 11
  0.551 | suz | 2.93 | 1.00 | 0.00 | 0.4 | 0 | CastSweep(0.22) | UpperCastChannel | 0.44 | 1.00 | 112.4 | 11
  0.567 | suz | 2.92 | 1.00 | 0.00 | 0.4 | 0 | CastSweep(0.24) | UpperCastChannel | 0.44 | 1.00 | 112.4 | 11
  0.584 | suz | 2.91 | 1.00 | 0.00 | 0.4 | 0 | CastSweep(0.26) | UpperCastChannel | 0.44 | 1.00 | 112.4 | 11
  0.600 | suz | 2.91 | 1.00 | 0.00 | 0.4 | 0 | CastSweep(0.28) | UpperCastChannel | 0.44 | 1.00 | 112.4 | 11
  0.617 | suz | 2.90 | 1.00 | 0.00 | 0.4 | 0 | CastSweep(0.30) | UpperCastChannel | 0.44 | 1.00 | 112.4 | 11
  0.634 | suz | 2.90 | 1.00 | 0.00 | 0.4 | 0 | CastSweep(0.32) | UpperCastChannel | 0.44 | 1.00 | 112.4 | 11
  0.650 | suz | 2.89 | 1.00 | 0.00 | 0.4 | 0 | CastSweep(0.33) | UpperCastChannel | 0.44 | 1.00 | 112.4 | 11
  0.668 | suz | 2.88 | 1.00 | 0.00 | 0.4 | 0 | CastSweep(0.35) | UpperCastChannel | 0.44 | 1.00 | 112.4 | 11
  0.684 | suz | 2.88 | 1.00 | 0.00 | 0.4 | 0 | CastSweep(0.37) | UpperCastChannel | 0.44 | 1.00 | 112.4 | 11
  0.700 | suz | 2.87 | 1.00 | 0.00 | 0.4 | 0 | CastSweep(0.39) | UpperCastChannel | 0.44 | 1.00 | 112.4 | 11
  0.717 | suz | 2.87 | 1.00 | 0.00 | 0.4 | 0 | CastSweep(0.41) | UpperCastChannel | 0.44 | 1.00 | 112.4 | 11
  0.733 | suz | 2.86 | 1.00 | 0.00 | 0.4 | 0 | CastSweep(0.43) | UpperCastChannel | 0.44 | 1.00 | 112.4 | 11
  0.750 | suz | 2.85 | 1.00 | 0.00 | 0.4 | 0 | CastSweep(0.44) | UpperCastChannel | 0.44 | 1.00 | 112.4 | 11
  0.767 | suz | 2.85 | 1.00 | 0.00 | 0.4 | 0 | CastSweep(0.46) | UpperCastChannel | 0.44 | 1.00 | 112.4 | 11
  0.784 | suz | 2.84 | 1.00 | 0.00 | 0.4 | 0 | CastSweep(0.48) | UpperCastChannel | 0.44 | 1.00 | 112.4 | 11
  0.800 | suz | 2.84 | 1.00 | 0.00 | 0.4 | 0 | CastSweep(0.50) | UpperCastChannel | 0.44 | 1.00 | 112.4 | 11
  0.817 | suz | 2.83 | 1.00 | 0.00 | 0.4 | 0 | CastSweep(0.52) | UpperCastChannel | 0.44 | 1.00 | 112.4 | 11
  0.834 | suz | 2.82 | 1.00 | 0.00 | 0.4 | 0 | CastSweep(0.54) | UpperCastChannel | 0.44 | 1.00 | 112.4 | 11
  0.850 | suz | 2.82 | 1.00 | 0.00 | 0.4 | 0 | CastSweep(0.56) | UpperCastChannel | 0.44 | 1.00 | 112.4 | 11
  0.867 | suz | 2.81 | 1.00 | 0.00 | 0.4 | 0 | CastSweep(0.57) | UpperCastChannel | 0.44 | 1.00 | 112.4 | 11
  0.884 | suz | 2.80 | 1.00 | 0.00 | 0.4 | 0 | CastSweep(0.59) | UpperCastChannel | 0.44 | 1.00 | 112.4 | 11
  0.900 | suz | 2.80 | 1.00 | 0.00 | 0.4 | 0 | CastSweep(0.61) | UpperCastChannel | 0.44 | 1.00 | 112.4 | 11
  0.917 | suz | 2.79 | 1.00 | 0.00 | 0.4 | 0 | CastSweep(0.63) | UpperCastChannel | 0.44 | 1.00 | 112.4 | 11
  0.934 | suz | 2.79 | 1.00 | 0.00 | 0.4 | 0 | CastSweep(0.65) | UpperCastChannel | 0.44 | 1.00 | 112.4 | 11
  0.951 | suz | 2.78 | 1.00 | 0.00 | 0.4 | 0 | CastSweep(0.67) | UpperCastChannel | 0.44 | 1.00 | 112.4 | 11
  0.967 | suz | 2.77 | 1.00 | 0.00 | 0.4 | 0 | CastSweep(0.69) | UpperCastChannel | 0.44 | 1.00 | 112.4 | 11
  0.983 | suz | 2.77 | 1.00 | 0.00 | 0.4 | 0 | CastSweep(0.70) | UpperCastChannel | 0.44 | 1.00 | 112.4 | 11
  1.001 | suz | 2.76 | 1.00 | 0.00 | 0.4 | 0 | CastSweep(0.72) | UpperCastChannel | 0.44 | 1.00 | 112.4 | 11
  1.017 | suz | 2.76 | 1.00 | 0.00 | 0.4 | 0 | CastSweep(0.74) | UpperCastChannel | 0.44 | 1.00 | 112.4 | 11
  1.034 | suz | 2.75 | 1.00 | 0.00 | 0.4 | 0 | CastSweep(0.76) | UpperCastChannel | 0.44 | 1.00 | 112.4 | 11
  1.050 | suz | 2.74 | 1.00 | 0.00 | 0.4 | 0 | CastSweep(0.78) | UpperCastChannel | 0.44 | 1.00 | 112.4 | 11
  1.067 | suz | 2.74 | 1.00 | 0.00 | 0.4 | 0 | CastSweep(0.80) | UpperCastChannel | 0.44 | 1.00 | 112.4 | 11
  1.084 | suz | 2.73 | 1.00 | 0.00 | 0.4 | 0 | CastSweep(0.82) | UpperCastChannel | 0.44 | 1.00 | 112.4 | 11
  1.100 | suz | 2.73 | 1.00 | 0.00 | 0.4 | 0 | CastSweep(0.83) | UpperCastChannel | 0.44 | 1.00 | 112.4 | 11
  1.117 | suz | 2.72 | 1.00 | 0.00 | 0.4 | 0 | CastSweep(0.85) | UpperCastChannel | 0.44 | 1.00 | 112.4 | 11
  1.134 | suz | 2.71 | 1.00 | 0.00 | 0.4 | 0 | CastSweep(0.87) | UpperCastChannel | 0.44 | 1.00 | 112.4 | 11
  1.151 | suz | 2.71 | 1.00 | 0.00 | 0.4 | 0 | CastSweep(0.89) | UpperCastChannel | 0.44 | 1.00 | 112.4 | 11
  1.168 | suz | 2.70 | 1.00 | 0.00 | 0.4 | 0 | CastSweep(0.91) | UpperCastChannel | 0.44 | 1.00 | 112.4 | 11
  1.183 | suz | 2.69 | 1.00 | 0.00 | 0.4 | 0 | Locomotion(0.07) | UpperCastChannel | 0.44 | 1.00 | 112.4 | 11
  1.201 | suz | 2.69 | 1.00 | 0.00 | 0.4 | 0 | Locomotion(0.08) | UpperCastChannel | 0.44 | 1.00 | 112.4 | 11
  1.218 | suz | 2.68 | 1.00 | 0.00 | 0.4 | 0 | Locomotion(0.09) | UpperCastChannel | 0.44 | 1.00 | 112.4 | 11
  1.233 | suz | 2.68 | 1.00 | 0.00 | 0.4 | 0 | Locomotion(0.10) | UpperCastChannel | 0.44 | 1.00 | 112.4 | 11
  1.251 | suz | 2.67 | 1.00 | 0.00 | 0.4 | 0 | Locomotion(0.11) | UpperCastChannel | 0.44 | 1.00 | 112.4 | 11
  1.267 | suz | 2.66 | 1.00 | 0.00 | 0.4 | 0 | Locomotion(0.12) | UpperCastChannel | 0.44 | 1.00 | 112.4 | 11
  1.283 | suz | 2.66 | 1.00 | 0.00 | 0.4 | 0 | Locomotion(0.13) | UpperCastChannel | 0.44 | 1.00 | 112.4 | 11
  1.300 | suz | 2.65 | 1.00 | 0.00 | 0.4 | 0 | Locomotion(0.14) | UpperCastChannel | 0.44 | 1.00 | 112.4 | 11
  1.317 | suz | 2.65 | 1.00 | 0.00 | 0.4 | 0 | Locomotion(0.15) | UpperCastChannel | 0.44 | 1.00 | 112.4 | 11
  1.334 | suz | 2.64 | 1.00 | 0.00 | 0.4 | 0 | Locomotion(0.16) | UpperCastChannel | 0.44 | 1.00 | 112.4 | 11
  1.350 | suz | 2.63 | 1.00 | 0.00 | 0.4 | 0 | Locomotion(0.17) | Empty | 0.44 | 1.00 | 112.4 | 11
  1.367 | suz | 2.63 | 1.00 | 0.00 | 0.4 | 0 | Locomotion(0.18) | Empty | 0.44 | 1.00 | 112.4 | 11
  1.384 | suz | 2.62 | 1.00 | 0.00 | 0.4 | 0 | Locomotion(0.20) | Empty | 0.44 | 1.00 | 112.4 | 11
  1.400 | suz | 2.61 | 1.00 | 0.00 | 0.4 | 0 | Locomotion(0.21) | Empty | 0.44 | 1.00 | 112.4 | 11
  1.417 | suz | 2.61 | 1.00 | 0.00 | 0.4 | 0 | Locomotion(0.22) | Empty | 0.44 | 1.00 | 112.4 | 11
  1.434 | suz | 2.60 | 1.00 | 0.00 | 0.4 | 0 | Locomotion(0.23) | Empty | 0.44 | 1.00 | 112.4 | 11
  1.451 | suz | 2.60 | 1.00 | 0.00 | 0.4 | 0 | Locomotion(0.24) | Empty | 0.44 | 1.00 | 112.4 | 11
  1.467 | suz | 2.59 | 1.00 | 0.00 | 0.4 | 0 | Locomotion(0.25) | Empty | 0.44 | 1.00 | 112.4 | 11
  1.484 | suz | 2.58 | 1.00 | 0.00 | 0.4 | 0 | Locomotion(0.26) | Empty | 0.44 | 1.00 | 112.4 | 11
  1.500 | suz | 2.58 | 1.00 | 0.00 | 0.4 | 0 | Locomotion(0.27) | Empty | 0.44 | 1.00 | 112.4 | 11
  1.517 | suz | 2.57 | 1.00 | 0.00 | 0.4 | 0 | Locomotion(0.28) | Empty | 0.44 | 1.00 | 112.4 | 11
  1.534 | suz | 2.57 | 1.00 | 0.00 | 0.4 | 0 | Locomotion(0.29) | Empty | 0.44 | 1.00 | 112.4 | 11
  1.550 | suz | 2.56 | 1.00 | 0.00 | 0.4 | 0 | Locomotion(0.30) | Empty | 0.44 | 1.00 | 112.4 | 11
  1.567 | suz | 2.55 | 1.00 | 0.00 | 0.4 | 0 | Locomotion(0.31) | Empty | 0.44 | 1.00 | 112.4 | 11
  1.584 | suz | 2.55 | 1.00 | 0.00 | 0.4 | 0 | Locomotion(0.32) | Empty | 0.44 | 1.00 | 112.4 | 11
  1.600 | suz | 2.54 | 1.00 | 0.00 | 0.4 | 0 | Locomotion(0.33) | Empty | 0.44 | 1.00 | 112.4 | 11
  1.618 | suz | 2.54 | 1.00 | 0.00 | 0.4 | 0 | Locomotion(0.34) | Empty | 0.44 | 1.00 | 112.4 | 11
  1.634 | suz | 2.53 | 1.00 | 0.00 | 0.4 | 0 | Locomotion(0.35) | Empty | 0.44 | 1.00 | 112.4 | 11
  1.650 | suz | 2.52 | 1.00 | 0.00 | 0.4 | 0 | Locomotion(0.36) | Empty | 0.44 | 1.00 | 112.4 | 11
  1.667 | suz | 2.52 | 1.00 | 0.00 | 0.4 | 0 | Locomotion(0.37) | Empty | 0.44 | 1.00 | 112.4 | 11
  1.684 | suz | 2.51 | 1.00 | 0.00 | 0.4 | 0 | Locomotion(0.38) | Empty | 0.44 | 1.00 | 112.4 | 11
  1.701 | suz | 2.50 | 1.00 | 0.00 | 0.4 | 0 | Locomotion(0.39) | Empty | 0.44 | 1.00 | 112.4 | 11
  1.717 | suz | 2.50 | 1.00 | 0.00 | 0.4 | 0 | Locomotion(0.40) | Empty | 0.44 | 1.00 | 112.4 | 11
  1.734 | suz | 2.49 | 1.00 | 0.00 | 0.4 | 0 | Locomotion(0.41) | Empty | 0.44 | 1.00 | 112.4 | 11
  1.750 | suz | 2.49 | 1.00 | 0.00 | 0.4 | 0 | Locomotion(0.42) | Empty | 0.44 | 1.00 | 112.4 | 11
  1.767 | suz | 2.48 | 1.00 | 0.00 | 0.4 | 0 | Locomotion(0.43) | Empty | 0.44 | 1.00 | 112.4 | 11
  1.784 | suz | 2.47 | 1.00 | 0.00 | 0.4 | 0 | Locomotion(0.44) | Empty | 0.44 | 1.00 | 112.4 | 11
  1.800 | suz | 2.47 | 1.00 | 0.00 | 0.4 | 0 | Locomotion(0.45) | Empty | 0.44 | 1.00 | 112.4 | 11
  1.818 | suz | 2.46 | 1.00 | 0.00 | 0.4 | 0 | Locomotion(0.47) | Empty | 0.44 | 1.00 | 112.4 | 11
  1.834 | suz | 2.46 | 1.00 | 0.00 | 0.4 | 0 | Locomotion(0.48) | Empty | 0.44 | 1.00 | 112.4 | 11
  1.851 | suz | 2.45 | 1.00 | 0.00 | 0.4 | 0 | Locomotion(0.49) | Empty | 0.44 | 1.00 | 112.4 | 11
  1.867 | suz | 2.44 | 1.00 | 0.00 | 0.4 | 0 | Locomotion(0.50) | Empty | 0.44 | 1.00 | 112.4 | 11
  1.884 | suz | 2.44 | 1.00 | 0.00 | 0.4 | 0 | Locomotion(0.51) | Empty | 0.44 | 1.00 | 112.4 | 11
  1.900 | suz | 2.43 | 1.00 | 0.00 | 0.4 | 0 | Locomotion(0.52) | Empty | 0.44 | 1.00 | 112.4 | 11
  1.917 | suz | 2.43 | 1.00 | 0.00 | 0.4 | 0 | Locomotion(0.53) | Empty | 0.44 | 1.00 | 112.4 | 11
  1.934 | suz | 2.42 | 1.00 | 0.00 | 0.4 | 0 | Locomotion(0.54) | Empty | 0.44 | 1.00 | 112.4 | 11
  1.950 | suz | 2.41 | 1.00 | 0.00 | 0.4 | 0 | Locomotion(0.55) | Empty | 0.44 | 1.00 | 112.4 | 11
  1.967 | suz | 2.41 | 1.00 | 0.00 | 0.4 | 0 | Locomotion(0.56) | Empty | 0.44 | 1.00 | 112.4 | 11
  1.984 | suz | 2.40 | 1.00 | 0.00 | 0.4 | 0 | Locomotion(0.57) | Empty | 0.44 | 1.00 | 112.4 | 11
  2.001 | suz | 2.39 | 1.00 | 0.00 | 0.4 | 0 | Locomotion(0.58) | Empty | 0.44 | 1.00 | 112.4 | 11
  2.017 | suz | 2.39 | 1.00 | 0.00 | 0.4 | 0 | Locomotion(0.59) | Empty | 0.44 | 1.00 | 112.4 | 11
  2.033 | suz | 2.38 | 1.00 | 0.00 | 0.4 | 0 | Locomotion(0.60) | Empty | 0.44 | 1.00 | 112.4 | 11
  2.050 | suz | 2.38 | 1.00 | 0.00 | 0.4 | 0 | Locomotion(0.61) | Empty | 0.44 | 1.00 | 112.4 | 11
  2.067 | suz | 2.37 | 1.00 | 0.00 | 0.4 | 0 | Locomotion(0.62) | Empty | 0.44 | 1.00 | 112.4 | 11
  2.084 | suz | 2.36 | 1.00 | 0.00 | 0.4 | 0 | Locomotion(0.63) | Empty | 0.44 | 1.00 | 112.4 | 11
  2.100 | suz | 2.36 | 1.00 | 0.00 | 0.4 | 0 | Locomotion(0.64) | Empty | 0.44 | 1.00 | 112.4 | 11
  2.117 | suz | 2.35 | 1.00 | 0.00 | 0.4 | 0 | Locomotion(0.65) | Empty | 0.44 | 1.00 | 112.4 | 11
  2.134 | suz | 2.35 | 1.00 | 0.00 | 0.4 | 0 | Locomotion(0.66) | Empty | 0.44 | 1.00 | 112.4 | 11
  2.150 | suz | 2.34 | 1.00 | 0.00 | 0.4 | 0 | Locomotion(0.67) | Empty | 0.44 | 1.00 | 112.4 | 11
  2.167 | suz | 2.33 | 1.00 | 0.00 | 0.4 | 0 | Locomotion(0.68) | Empty | 0.44 | 1.00 | 112.4 | 11
  2.184 | suz | 2.33 | 1.00 | 0.00 | 0.4 | 0 | Locomotion(0.69) | Empty | 0.44 | 1.00 | 112.4 | 11
  2.201 | suz | 2.32 | 1.00 | 0.00 | 0.4 | 0 | Locomotion(0.70) | Empty | 0.44 | 1.00 | 112.4 | 11
  2.217 | suz | 2.32 | 1.00 | 0.00 | 0.4 | 0 | Locomotion(0.71) | Empty | 0.44 | 1.00 | 112.4 | 11
  2.234 | suz | 2.31 | 1.00 | 0.00 | 0.4 | 0 | Locomotion(0.72) | Empty | 0.44 | 1.00 | 112.4 | 11
  2.250 | suz | 2.30 | 1.00 | 0.00 | 0.4 | 0 | Locomotion(0.73) | Empty | 0.44 | 1.00 | 112.4 | 11
  2.267 | suz | 2.30 | 1.00 | 0.00 | 0.4 | 0 | Locomotion(0.75) | Empty | 0.44 | 1.00 | 112.4 | 11
  2.284 | suz | 2.29 | 1.00 | 0.00 | 0.4 | 0 | Locomotion(0.76) | Empty | 0.44 | 1.00 | 112.4 | 11
  2.301 | suz | 2.28 | 1.00 | 0.00 | 0.4 | 0 | Locomotion(0.77) | Empty | 0.44 | 1.00 | 112.4 | 11
  2.318 | suz | 2.28 | 1.00 | 0.00 | 0.4 | 0 | Locomotion(0.78) | Empty | 0.44 | 1.00 | 112.4 | 11
  2.334 | suz | 2.27 | 1.00 | 0.00 | 0.4 | 0 | Locomotion(0.79) | Empty | 0.44 | 1.00 | 112.4 | 11
  2.350 | suz | 2.27 | 1.00 | 0.00 | 0.4 | 0 | Locomotion(0.80) | Empty | 0.44 | 1.00 | 112.4 | 11
  2.367 | suz | 2.26 | 1.00 | 0.00 | 0.4 | 0 | Locomotion(0.81) | Empty | 0.44 | 1.00 | 112.4 | 11
  2.384 | suz | 2.25 | 1.00 | 0.00 | 0.4 | 0 | Locomotion(0.82) | Empty | 0.44 | 1.00 | 112.4 | 11
  2.400 | suz | 2.25 | 1.00 | 0.00 | 0.4 | 0 | Locomotion(0.83) | Empty | 0.44 | 1.00 | 112.4 | 11
  2.418 | suz | 2.24 | 1.00 | 0.00 | 0.4 | 0 | Locomotion(0.84) | Empty | 0.44 | 1.00 | 112.4 | 11
  2.434 | suz | 2.24 | 1.00 | 0.00 | 0.4 | 0 | Locomotion(0.85) | Empty | 0.44 | 1.00 | 112.4 | 11
  2.450 | suz | 2.23 | 1.00 | 0.00 | 0.4 | 0 | Locomotion(0.86) | Empty | 0.44 | 1.00 | 112.4 | 11
  2.468 | suz | 2.22 | 1.00 | 0.00 | 0.4 | 0 | Locomotion(0.87) | Empty | 0.44 | 1.00 | 112.4 | 11
  2.483 | suz | 2.22 | 1.00 | 0.00 | 0.4 | 0 | Locomotion(0.88) | Empty | 0.44 | 1.00 | 112.4 | 11
  2.500 | suz | 2.21 | 1.00 | 0.00 | 0.4 | 0 | Locomotion(0.89) | Empty | 0.44 | 1.00 | 112.4 | 11
  2.517 | suz | 2.21 | 1.00 | 0.00 | 0.4 | 0 | Locomotion(0.90) | Empty | 0.44 | 1.00 | 112.4 | 11
  2.534 | suz | 2.20 | 1.00 | 0.00 | 0.4 | 0 | Locomotion(0.91) | Empty | 0.44 | 1.00 | 112.4 | 11
  2.551 | suz | 2.19 | 1.00 | 0.00 | 0.4 | 0 | Locomotion(0.92) | Empty | 0.44 | 1.00 | 112.4 | 11
  2.567 | suz | 2.19 | 1.00 | 0.00 | 0.4 | 0 | Locomotion(0.93) | Empty | 0.44 | 1.00 | 112.4 | 11
  2.583 | suz | 2.18 | 1.00 | 0.00 | 0.4 | 0 | Locomotion(0.94) | Empty | 0.44 | 1.00 | 112.4 | 11
  2.601 | suz | 2.17 | 1.00 | 0.00 | 0.4 | 0 | Locomotion(0.95) | Empty | 0.44 | 1.00 | 112.4 | 11
  2.617 | suz | 2.17 | 1.00 | 0.00 | 0.4 | 0 | Locomotion(0.96) | Empty | 0.44 | 1.00 | 112.4 | 11
  2.634 | suz | 2.16 | 1.00 | 0.00 | 0.4 | 0 | Locomotion(0.97) | Empty | 0.44 | 1.00 | 112.4 | 11
  2.650 | suz | 2.16 | 1.00 | 0.00 | 0.4 | 0 | Locomotion(0.98) | Empty | 0.44 | 1.00 | 112.4 | 11
  2.667 | suz | 2.15 | 1.00 | 0.00 | 0.4 | 0 | Locomotion(0.99) | Empty | 0.44 | 1.00 | 112.4 | 11
  2.684 | suz | 2.14 | 1.00 | 0.00 | 0.4 | 0 | Locomotion(1.00) | Empty | 0.44 | 1.00 | 112.4 | 11
  2.701 | suz | 2.14 | 1.00 | 0.00 | 0.4 | 0 | Locomotion(1.02) | Empty | 0.44 | 1.00 | 112.4 | 11
  2.717 | suz | 2.13 | 1.00 | 0.00 | 0.4 | 0 | Locomotion(1.03) | Empty | 0.44 | 1.00 | 112.4 | 11
  2.734 | suz | 2.13 | 1.00 | 0.00 | 0.4 | 0 | Locomotion(1.04) | Empty | 0.44 | 1.00 | 112.4 | 11
  2.751 | suz | 2.12 | 1.00 | 0.00 | 0.4 | 0 | Locomotion(1.05) | Empty | 0.44 | 1.00 | 112.4 | 11
  2.767 | suz | 2.11 | 1.00 | 0.00 | 0.4 | 0 | Locomotion(1.06) | Empty | 0.44 | 1.00 | 112.4 | 11
  2.784 | suz | 2.11 | 1.00 | 0.00 | 0.4 | 0 | Locomotion(1.07) | Empty | 0.44 | 1.00 | 112.4 | 11
  2.800 | suz | 2.10 | 1.00 | 0.00 | 0.4 | 0 | Locomotion(1.08) | Empty | 0.44 | 1.00 | 112.4 | 11
  2.817 | suz | 2.10 | 1.00 | 0.00 | 0.4 | 0 | Locomotion(1.09) | Empty | 0.44 | 1.00 | 112.4 | 11
  2.834 | suz | 2.09 | 1.00 | 0.00 | 0.4 | 0 | Locomotion(1.10) | Empty | 0.44 | 1.00 | 112.4 | 11
  2.850 | suz | 2.08 | 1.00 | 0.00 | 0.4 | 0 | Locomotion(1.11) | Empty | 0.44 | 1.00 | 112.4 | 11
  2.867 | suz | 2.08 | 1.00 | 0.00 | 0.4 | 0 | Locomotion(1.12) | Empty | 0.44 | 1.00 | 112.4 | 11
  2.884 | suz | 2.07 | 1.00 | 0.00 | 0.4 | 0 | Locomotion(1.13) | Empty | 0.44 | 1.00 | 112.4 | 11
  2.900 | suz | 2.07 | 1.00 | 0.00 | 0.4 | 0 | Locomotion(1.14) | Empty | 0.44 | 1.00 | 112.4 | 11
  2.918 | suz | 2.06 | 1.00 | 0.00 | 0.4 | 0 | Locomotion(1.15) | Empty | 0.44 | 1.00 | 112.4 | 11
  2.934 | suz | 2.05 | 1.00 | 0.00 | 0.4 | 0 | Locomotion(1.16) | Empty | 0.44 | 1.00 | 112.4 | 11
  2.950 | suz | 2.05 | 1.00 | 0.00 | 0.4 | 0 | Locomotion(1.17) | Empty | 0.44 | 1.00 | 112.4 | 11
  2.967 | suz | 2.04 | 1.00 | 0.00 | 0.4 | 0 | Locomotion(1.18) | Empty | 0.44 | 1.00 | 112.4 | 11
  2.984 | suz | 2.03 | 1.00 | 0.00 | 0.4 | 0 | Locomotion(1.19) | Empty | 0.44 | 1.00 | 112.4 | 11
  3.000 | suz | 2.03 | 1.00 | 0.00 | 0.4 | 0 | Locomotion(1.20) | Empty | 0.44 | 1.00 | 112.4 | 11
  3.017 | suz | 2.02 | 1.00 | 0.00 | 0.4 | 0 | Locomotion(1.21) | Empty | 0.44 | 1.00 | 112.4 | 11
  3.034 | suz | 2.02 | 1.00 | 0.00 | 0.4 | 0 | Locomotion(1.22) | Empty | 0.44 | 1.00 | 112.4 | 11
  3.050 | suz | 2.01 | 1.00 | 0.00 | 0.4 | 0 | Locomotion(1.23) | Empty | 0.44 | 1.00 | 112.4 | 11
  3.067 | suz | 2.00 | 1.00 | 0.00 | 0.4 | 0 | Locomotion(1.24) | Empty | 0.44 | 1.00 | 112.4 | 11
  3.084 | suz | 2.00 | 1.00 | 0.00 | 0.4 | 0 | Locomotion(1.25) | Empty | 0.44 | 1.00 | 112.4 | 11
  3.100 | suz | 1.99 | 1.00 | 0.00 | 0.4 | 0 | Locomotion(1.26) | Empty | 0.44 | 1.00 | 112.4 | 11
  3.118 | suz | 1.99 | 1.00 | 0.00 | 0.4 | 0 | Locomotion(1.28) | Empty | 0.44 | 1.00 | 112.4 | 11
  3.133 | suz | 1.98 | 1.00 | 0.00 | 0.4 | 0 | Locomotion(1.28) | Empty | 0.44 | 1.00 | 112.4 | 11
  3.150 | suz | 1.97 | 1.00 | 0.00 | 0.4 | 0 | Locomotion(1.30) | Empty | 0.44 | 1.00 | 112.4 | 11
  3.167 | suz | 1.97 | 1.00 | 0.00 | 0.4 | 0 | Locomotion(1.31) | Empty | 0.44 | 1.00 | 112.4 | 11
  3.184 | suz | 1.96 | 1.00 | 0.00 | 0.4 | 0 | Locomotion(1.32) | Empty | 0.44 | 1.00 | 112.4 | 11
  3.200 | suz | 1.96 | 1.00 | 0.00 | 0.4 | 0 | Locomotion(1.33) | Empty | 0.44 | 1.00 | 112.4 | 11
  3.217 | suz | 1.95 | 1.00 | 0.00 | 0.4 | 0 | Locomotion(1.34) | Empty | 0.44 | 1.00 | 112.4 | 11
  3.234 | suz | 1.94 | 1.00 | 0.00 | 0.4 | 0 | Locomotion(1.35) | Empty | 0.44 | 1.00 | 112.4 | 11
  3.250 | suz | 1.94 | 1.00 | 0.00 | 0.4 | 0 | Locomotion(1.36) | Empty | 0.44 | 1.00 | 112.4 | 11
  3.267 | suz | 1.93 | 1.00 | 0.00 | 0.4 | 0 | Locomotion(1.37) | Empty | 0.44 | 1.00 | 112.4 | 11
  3.283 | suz | 1.92 | 1.00 | 0.00 | 0.4 | 0 | Locomotion(1.38) | Empty | 0.44 | 1.00 | 112.4 | 11
  3.300 | suz | 1.92 | 1.00 | 0.00 | 0.4 | 0 | Locomotion(1.39) | Empty | 0.44 | 1.00 | 112.4 | 11
  3.318 | suz | 1.91 | 1.00 | 0.00 | 0.4 | 0 | Locomotion(1.40) | Empty | 0.44 | 1.00 | 112.4 | 11
  3.334 | suz | 1.91 | 1.00 | 0.00 | 0.4 | 0 | Locomotion(1.41) | Empty | 0.44 | 1.00 | 112.4 | 11
  3.350 | - | 1.90 | 1.00 | 0.00 | 0.4 | 0 | Locomotion(1.42) | Empty | 0.44 | 1.00 | 112.4 | 11
  3.367 | - | 1.90 | 1.00 | 0.00 | 0.0 | 0 | Locomotion(1.43) | Empty | 0.36 | 1.00 | 112.4 | 11
  3.384 | - | 1.90 | 1.00 | 0.00 | 0.0 | 0 | Locomotion(1.44) | Empty | 0.30 | 1.00 | 112.4 | 11
  3.400 | - | 1.90 | 1.00 | 0.00 | 0.0 | 0 | Locomotion(1.45) | Empty | 0.25 | 1.00 | 112.4 | 11
  3.417 | - | 1.90 | 1.00 | 0.00 | 0.0 | 0 | Locomotion(1.46) | Empty | 0.21 | 1.00 | 112.4 | 11
  3.433 | - | 1.90 | 1.00 | 0.00 | 0.0 | 0 | Locomotion(1.47) | Empty | 0.17 | 1.00 | 112.4 | 11
  3.451 | - | 1.90 | 1.00 | 0.00 | 0.0 | 0 | Locomotion(1.48) | Empty | 0.14 | 1.00 | 112.4 | 11
  3.467 | - | 1.90 | 1.00 | 0.00 | 0.0 | 0 | Locomotion(1.49) | Empty | 0.12 | 1.00 | 112.4 | 11
  3.484 | - | 1.90 | 1.00 | 0.00 | 0.0 | 0 | Locomotion(1.50) | Empty | 0.10 | 1.00 | 112.4 | 11
  3.501 | - | 1.90 | 1.00 | 0.00 | 0.0 | 0 | Locomotion(1.51) | Empty | 0.08 | 1.00 | 112.4 | 11
  3.518 | - | 1.90 | 1.00 | 0.00 | 0.0 | 0 | Locomotion(1.52) | Empty | 0.07 | 1.00 | 112.4 | 11
  3.534 | - | 1.90 | 1.00 | 0.00 | 0.0 | 0 | Locomotion(1.52) | Empty | 0.05 | 1.00 | 112.4 | 11
  3.550 | - | 1.90 | 1.00 | 0.00 | 0.0 | 0 | Locomotion(1.53) | Empty | 0.05 | 1.00 | 112.4 | 11
  3.568 | - | 1.90 | 1.00 | 0.00 | 0.0 | 0 | Locomotion(1.54) | Empty | 0.04 | 1.00 | 112.4 | 11
  3.588 | - | 1.90 | 1.00 | 0.00 | 0.0 | 0 | Locomotion(1.55) | Empty | 0.03 | 1.00 | 112.4 | 11
  3.602 | - | 1.90 | 1.00 | 0.00 | 0.0 | 0 | Locomotion(1.56) | Empty | 0.03 | 1.00 | 112.4 | 11
  3.619 | - | 1.90 | 1.00 | 0.00 | 0.0 | 0 | Locomotion(1.57) | Empty | 0.02 | 1.00 | 112.4 | 11
  3.633 | - | 1.90 | 1.00 | 0.00 | 0.0 | 0 | Locomotion(1.58) | Empty | 0.02 | 1.00 | 112.4 | 11
  3.651 | - | 1.90 | 1.00 | 0.00 | 0.0 | 0 | Locomotion(1.59) | Empty | 0.01 | 1.00 | 112.4 | 11
  3.666 | - | 1.90 | 1.00 | 0.00 | 0.0 | 0 | Locomotion(1.60) | Empty | 0.01 | 1.00 | 112.4 | 11
  3.716 | - | 1.90 | 1.00 | 0.00 | 0.0 | 0 | Locomotion(1.62) | Empty | 0.01 | 1.00 | 112.4 | 11
  3.720 | - | 1.90 | 1.00 | 0.00 | 0.0 | 0 | Locomotion(1.63) | Empty | 0.01 | 1.00 | 112.4 | 11
  3.734 | - | 1.90 | 1.00 | 0.00 | 0.0 | 0 | Locomotion(1.63) | Empty | 0.01 | 1.00 | 112.4 | 11
  3.753 | - | 1.90 | 1.00 | 0.00 | 0.0 | 0 | Locomotion(1.64) | Empty | 0.00 | 1.00 | 112.4 | 11
  3.767 | - | 1.90 | 1.00 | 0.00 | 0.0 | 0 | Locomotion(1.65) | Empty | 0.00 | 1.00 | 112.4 | 11
  3.784 | - | 1.90 | 1.00 | 0.00 | 0.0 | 0 | Locomotion(1.66) | Empty | 0.00 | 1.00 | 112.4 | 11
  3.801 | - | 1.90 | 1.00 | 0.00 | 0.0 | 0 | Locomotion(1.67) | Empty | 0.00 | 1.00 | 112.4 | 11
  3.817 | - | 1.90 | 1.00 | 0.00 | 0.0 | 0 | Locomotion(1.68) | Empty | 0.00 | 1.00 | 112.4 | 11
  3.834 | - | 1.90 | 1.00 | 0.00 | 0.0 | 0 | Locomotion(1.69) | Empty | 0.00 | 1.00 | 112.4 | 11
  3.851 | - | 1.90 | 1.00 | 0.00 | 0.0 | 0 | Locomotion(1.70) | Empty | 0.00 | 1.00 | 112.4 | 11
  3.867 | - | 1.90 | 1.00 | 0.00 | 0.0 | 0 | Locomotion(1.71) | Empty | 0.00 | 1.00 | 112.4 | 11

=== kontrol 2-2 Emici Şifa [Kılıç] başlangıç 3,0 m, kalıp uzaktan_emme, boss r=0,93, oyuncu r=0,50, temas 1,43
  sonuç: GEÇTİ isabet=True konum=ön→ön gövde=True tek=True hata=True süre=True sıçrama_yok=True hasar=26,6 etki=[oyuncu +11 can, dost +11 can] bacak=[]
  not: vuruş 4: 1,07s@boss0,19m/oyuncu2,72m 1,57s@boss0,10m/oyuncu2,72m 2,07s@boss0,02m/oyuncu2,72m 2,57s@boss0,07m/oyuncu2,72m
  not: kalıp sonu: merkeze 2,65 m, başlangıçtan 0,35 m, kalıp simülasyonundan 0,00 m
  log: LOG [Motion] 2-2 → Uzaktan emme
  log: LOG [Mechanic] 2-2/Kılıç: Girdap · Emme/çalma — kılıç yayı → küre 2m, önünde yay (içine çeker, uyumsuz silah). Etkiler: can→düşman -26.6 [emme]; can→sen 26.6 [aktarim]; mermi_sil→düşman mermisi [yut]
  t | faz | merkez_m | taraf(+ön/-arka) | yan_m | hız_mps | yaw | taban_state(norm) | üst_state | Speed | Playback | bossHP | oyuncuHP
  0.016 | - | 3.00 | 1.00 | 0.00 | 0.0 | 230 | Locomotion(1.93) | Empty | 0.00 | 1.00 | 112.4 | 11
  0.034 | - | 3.00 | 1.00 | 0.00 | 0.0 | 230 | Locomotion(1.94) | Empty | 0.00 | 1.00 | 112.4 | 11
  0.049 | - | 3.00 | 1.00 | 0.00 | 0.0 | 230 | Locomotion(1.94) | Empty | 0.00 | 1.00 | 112.4 | 11
  0.067 | - | 3.00 | 1.00 | 0.00 | 0.0 | 230 | CastChannel(0.05) | Empty | 0.00 | 1.00 | 112.4 | 11
  0.083 | - | 3.00 | 1.00 | 0.00 | 0.0 | 230 | CastChannel(0.07) | Empty | 0.00 | 1.00 | 112.4 | 11
  0.099 | - | 3.00 | 1.00 | 0.00 | 0.0 | 230 | CastChannel(0.08) | Empty | 0.00 | 1.00 | 112.4 | 11
  0.116 | - | 3.00 | 1.00 | 0.00 | 0.0 | 230 | CastChannel(0.10) | Empty | 0.00 | 1.00 | 112.4 | 11
  0.133 | - | 3.00 | 1.00 | 0.00 | 0.0 | 230 | CastChannel(0.12) | Empty | 0.00 | 1.00 | 112.4 | 11
  0.149 | - | 3.00 | 1.00 | 0.00 | 0.0 | 230 | CastChannel(0.13) | Empty | 0.00 | 1.00 | 112.4 | 11
  0.166 | - | 3.00 | 1.00 | 0.00 | 0.0 | 230 | CastChannel(0.15) | Empty | 0.00 | 1.00 | 112.4 | 11
  0.182 | - | 3.00 | 1.00 | 0.00 | 0.0 | 230 | CastChannel(0.17) | Empty | 0.00 | 1.00 | 112.4 | 11
  0.199 | - | 3.00 | 1.00 | 0.00 | 0.0 | 230 | CastChannel(0.18) | Empty | 0.00 | 1.00 | 112.4 | 11
  0.216 | - | 3.00 | 1.00 | 0.00 | 0.0 | 230 | CastChannel(0.20) | Empty | 0.00 | 1.00 | 112.4 | 11
  0.233 | - | 3.00 | 1.00 | 0.00 | 0.0 | 230 | CastChannel(0.22) | Empty | 0.00 | 1.00 | 112.4 | 11
  0.250 | - | 3.00 | 1.00 | 0.00 | 0.0 | 230 | CastChannel(0.23) | Empty | 0.00 | 1.00 | 112.4 | 11
  0.266 | - | 3.00 | 1.00 | 0.00 | 0.0 | 230 | CastChannel(0.25) | Empty | 0.00 | 1.00 | 112.4 | 11
  0.283 | - | 3.00 | 1.00 | 0.00 | 0.0 | 230 | CastChannel(0.27) | Empty | 0.00 | 1.00 | 112.4 | 11
  0.300 | - | 3.00 | 1.00 | 0.00 | 0.0 | 230 | CastChannel(0.28) | Empty | 0.00 | 1.00 | 112.4 | 11
  0.316 | - | 3.00 | 1.00 | 0.00 | 0.0 | 230 | CastChannel(0.30) | Empty | 0.00 | 1.00 | 112.4 | 11
  0.332 | - | 3.00 | 1.00 | 0.00 | 0.0 | 230 | CastChannel(0.32) | Empty | 0.00 | 1.00 | 112.4 | 11
  0.349 | - | 3.00 | 1.00 | 0.00 | 0.0 | 230 | CastChannel(0.33) | Empty | 0.00 | 1.00 | 112.4 | 11
  0.366 | - | 3.00 | 1.00 | 0.00 | 0.0 | 230 | CastChannel(0.35) | Empty | 0.00 | 1.00 | 112.4 | 11
  0.383 | - | 3.00 | 1.00 | 0.00 | 0.0 | 230 | CastChannel(0.37) | Empty | 0.00 | 1.00 | 112.4 | 11
  0.399 | - | 3.00 | 1.00 | 0.00 | 0.0 | 230 | CastChannel(0.38) | Empty | 0.00 | 1.00 | 112.4 | 11
  0.416 | uzat | 3.00 | 1.00 | 0.00 | 0.0 | 0 | CastChannel(0.02) | Empty | 0.00 | 1.00 | 112.4 | 11
  0.433 | uzat | 3.00 | 1.00 | 0.00 | 0.0 | 0 | CastChannel(0.03) | Empty | 0.00 | 1.00 | 112.4 | 11
  0.449 | uzat | 3.00 | 1.00 | 0.00 | 0.0 | 0 | CastChannel(0.05) | Empty | 0.00 | 1.00 | 112.4 | 11
  0.467 | uzat | 3.00 | 1.00 | 0.00 | 0.0 | 0 | CastChannel(0.07) | Empty | 0.00 | 1.00 | 112.4 | 11
  0.483 | uzat | 3.00 | 1.00 | 0.00 | 0.0 | 0 | CastChannel(0.08) | Empty | 0.00 | 1.00 | 112.4 | 11
  0.499 | uzat | 3.00 | 1.00 | 0.00 | 0.0 | 0 | CastChannel(0.10) | Empty | 0.00 | 1.00 | 112.4 | 11
  0.516 | uzat | 3.00 | 1.00 | 0.00 | 0.0 | 0 | CastChannel(0.12) | Empty | 0.00 | 1.00 | 112.4 | 11
  0.533 | uzat | 3.00 | 1.00 | 0.00 | 0.0 | 0 | CastChannel(0.13) | Empty | 0.00 | 1.00 | 112.4 | 11
  0.549 | uzat | 3.00 | 1.00 | 0.00 | 0.0 | 0 | CastChannel(0.15) | Empty | 0.00 | 1.00 | 112.4 | 11
  0.567 | em | 3.00 | 1.00 | 0.00 | 0.1 | 0 | CastChannel(0.17) | Empty | 0.00 | 1.00 | 112.4 | 11
  0.583 | em | 3.00 | 1.00 | 0.00 | 0.2 | 0 | CastChannel(0.18) | Empty | 0.21 | 1.00 | 112.4 | 11
  0.599 | em | 2.99 | 1.00 | 0.00 | 0.2 | 0 | CastChannel(0.20) | Empty | 0.21 | 1.00 | 112.4 | 11
  0.616 | em | 2.99 | 1.00 | 0.00 | 0.2 | 0 | CastChannel(0.22) | Empty | 0.21 | 1.00 | 112.4 | 11
  0.633 | em | 2.99 | 1.00 | 0.00 | 0.2 | 0 | CastChannel(0.23) | Empty | 0.21 | 1.00 | 112.4 | 11
  0.649 | em | 2.98 | 1.00 | 0.00 | 0.2 | 0 | CastChannel(0.25) | Empty | 0.21 | 1.00 | 112.4 | 11
  0.666 | em | 2.98 | 1.00 | 0.00 | 0.2 | 0 | CastChannel(0.27) | Empty | 0.21 | 1.00 | 112.4 | 11
  0.683 | em | 2.98 | 1.00 | 0.00 | 0.2 | 0 | CastChannel(0.28) | Empty | 0.21 | 1.00 | 112.4 | 11
  0.700 | em | 2.98 | 1.00 | 0.00 | 0.2 | 0 | CastChannel(0.30) | Empty | 0.21 | 1.00 | 112.4 | 11
  0.716 | em | 2.97 | 1.00 | 0.00 | 0.2 | 0 | CastChannel(0.32) | Empty | 0.21 | 1.00 | 112.4 | 11
  0.732 | em | 2.97 | 1.00 | 0.00 | 0.2 | 0 | CastChannel(0.33) | Empty | 0.21 | 1.00 | 112.4 | 11
  0.750 | em | 2.97 | 1.00 | 0.00 | 0.2 | 0 | CastChannel(0.35) | Empty | 0.21 | 1.00 | 112.4 | 11
  0.766 | em | 2.96 | 1.00 | 0.00 | 0.2 | 0 | CastChannel(0.37) | Empty | 0.21 | 1.00 | 112.4 | 11
  0.783 | em | 2.96 | 1.00 | 0.00 | 0.2 | 0 | CastChannel(0.38) | Empty | 0.21 | 1.00 | 112.4 | 11
  0.799 | em | 2.96 | 1.00 | 0.00 | 0.2 | 0 | CastChannel(0.40) | Empty | 0.21 | 1.00 | 112.4 | 11
  0.816 | em | 2.95 | 1.00 | 0.00 | 0.2 | 0 | CastChannel(0.42) | Empty | 0.21 | 1.00 | 112.4 | 11
  0.832 | em | 2.95 | 1.00 | 0.00 | 0.2 | 0 | CastChannel(0.43) | Empty | 0.21 | 1.00 | 112.4 | 11
  0.849 | em | 2.95 | 1.00 | 0.00 | 0.2 | 0 | CastChannel(0.45) | Empty | 0.21 | 1.00 | 112.4 | 11
  0.866 | em | 2.95 | 1.00 | 0.00 | 0.2 | 0 | CastChannel(0.47) | Empty | 0.21 | 1.00 | 112.4 | 11
  0.883 | em | 2.94 | 1.00 | 0.00 | 0.2 | 0 | CastChannel(0.48) | Empty | 0.21 | 1.00 | 112.4 | 11
  0.899 | em | 2.94 | 1.00 | 0.00 | 0.2 | 0 | CastChannel(0.50) | Empty | 0.21 | 1.00 | 112.4 | 11
  0.917 | em | 2.94 | 1.00 | 0.00 | 0.2 | 0 | CastChannel(0.52) | Empty | 0.21 | 1.00 | 112.4 | 11
  0.933 | em | 2.93 | 1.00 | 0.00 | 0.2 | 0 | CastChannel(0.53) | Empty | 0.21 | 1.00 | 112.4 | 11
  0.949 | em | 2.93 | 1.00 | 0.00 | 0.2 | 0 | CastChannel(0.55) | Empty | 0.21 | 1.00 | 112.4 | 11
  0.966 | em | 2.93 | 1.00 | 0.00 | 0.2 | 0 | CastChannel(0.57) | Empty | 0.21 | 1.00 | 112.4 | 11
  0.983 | em | 2.93 | 1.00 | 0.00 | 0.2 | 0 | CastChannel(0.58) | Empty | 0.21 | 1.00 | 112.4 | 11
  1.000 | em | 2.92 | 1.00 | 0.00 | 0.2 | 0 | CastChannel(0.60) | Empty | 0.21 | 1.00 | 112.4 | 11
  1.016 | em | 2.92 | 1.00 | 0.00 | 0.2 | 0 | CastChannel(0.62) | Empty | 0.21 | 1.00 | 112.4 | 11
  1.033 | em | 2.92 | 1.00 | 0.00 | 0.2 | 0 | CastChannel(0.63) | Empty | 0.21 | 1.00 | 112.4 | 11
  1.050 | em | 2.91 | 1.00 | 0.00 | 0.2 | 0 | CastChannel(0.65) | Empty | 0.21 | 1.00 | 112.4 | 11
  1.067 | em | 2.91 | 1.00 | 0.00 | 0.2 | 0 | CastChannel(0.67) | Empty | 0.21 | 1.00 | 105.7 | 18 | VURUŞ@boss0,19m
  1.082 | em | 2.91 | 1.00 | 0.00 | 0.2 | 0 | CastChannel(0.68) | Empty | 0.21 | 1.00 | 105.7 | 18
  1.099 | em | 2.91 | 1.00 | 0.00 | 0.2 | 0 | CastChannel(0.70) | Empty | 0.21 | 1.00 | 105.7 | 18
  1.116 | em | 2.90 | 1.00 | 0.00 | 0.2 | 0 | CastChannel(0.72) | Empty | 0.21 | 1.00 | 105.7 | 18
  1.133 | em | 2.90 | 1.00 | 0.00 | 0.2 | 0 | CastChannel(0.73) | Empty | 0.21 | 1.00 | 105.7 | 18
  1.149 | em | 2.90 | 1.00 | 0.00 | 0.2 | 0 | CastChannel(0.75) | Empty | 0.21 | 1.00 | 105.7 | 18
  1.167 | em | 2.89 | 1.00 | 0.00 | 0.2 | 0 | CastChannel(0.77) | Empty | 0.21 | 1.00 | 105.7 | 18
  1.183 | em | 2.89 | 1.00 | 0.00 | 0.2 | 0 | CastChannel(0.78) | Empty | 0.21 | 1.00 | 105.7 | 18
  1.199 | em | 2.89 | 1.00 | 0.00 | 0.2 | 0 | CastChannel(0.80) | Empty | 0.21 | 1.00 | 105.7 | 18
  1.216 | em | 2.89 | 1.00 | 0.00 | 0.2 | 0 | CastChannel(0.82) | Empty | 0.21 | 1.00 | 105.7 | 18
  1.233 | em | 2.88 | 1.00 | 0.00 | 0.2 | 0 | CastChannel(0.83) | Empty | 0.21 | 1.00 | 105.7 | 18
  1.249 | em | 2.88 | 1.00 | 0.00 | 0.2 | 0 | CastChannel(0.85) | Empty | 0.21 | 1.00 | 105.7 | 18
  1.266 | em | 2.88 | 1.00 | 0.00 | 0.2 | 0 | CastChannel(0.87) | Empty | 0.21 | 1.00 | 105.7 | 18
  1.283 | em | 2.87 | 1.00 | 0.00 | 0.2 | 0 | CastChannel(0.88) | Empty | 0.21 | 1.00 | 105.7 | 18
  1.300 | em | 2.87 | 1.00 | 0.00 | 0.2 | 0 | CastChannel(0.90) | Empty | 0.21 | 1.00 | 105.7 | 18
  1.316 | em | 2.87 | 1.00 | 0.00 | 0.2 | 0 | CastChannel(0.92) | Empty | 0.21 | 1.00 | 105.7 | 18
  1.333 | em | 2.86 | 1.00 | 0.00 | 0.2 | 0 | Locomotion(0.08) | Empty | 0.21 | 1.00 | 105.7 | 18
  1.350 | em | 2.86 | 1.00 | 0.00 | 0.2 | 0 | Locomotion(0.09) | Empty | 0.21 | 1.00 | 105.7 | 18
  1.366 | em | 2.86 | 1.00 | 0.00 | 0.2 | 0 | Locomotion(0.10) | Empty | 0.21 | 1.00 | 105.7 | 18
  1.383 | em | 2.86 | 1.00 | 0.00 | 0.2 | 0 | Locomotion(0.11) | Empty | 0.21 | 1.00 | 105.7 | 18
  1.399 | em | 2.85 | 1.00 | 0.00 | 0.2 | 0 | Locomotion(0.12) | Empty | 0.21 | 1.00 | 105.7 | 18
  1.416 | em | 2.85 | 1.00 | 0.00 | 0.2 | 0 | Locomotion(0.13) | Empty | 0.21 | 1.00 | 105.7 | 18
  1.433 | em | 2.85 | 1.00 | 0.00 | 0.2 | 0 | Locomotion(0.14) | Empty | 0.21 | 1.00 | 105.7 | 18
  1.449 | em | 2.84 | 1.00 | 0.00 | 0.2 | 0 | Locomotion(0.14) | Empty | 0.21 | 1.00 | 105.7 | 18
  1.466 | em | 2.84 | 1.00 | 0.00 | 0.2 | 0 | Locomotion(0.15) | Empty | 0.21 | 1.00 | 105.7 | 18
  1.482 | em | 2.84 | 1.00 | 0.00 | 0.2 | 0 | Locomotion(0.16) | Empty | 0.21 | 1.00 | 105.7 | 18
  1.499 | em | 2.84 | 1.00 | 0.00 | 0.2 | 0 | Locomotion(0.17) | Empty | 0.21 | 1.00 | 105.7 | 18
  1.516 | em | 2.83 | 1.00 | 0.00 | 0.2 | 0 | Locomotion(0.18) | Empty | 0.21 | 1.00 | 105.7 | 18
  1.534 | em | 2.83 | 1.00 | 0.00 | 0.2 | 0 | Locomotion(0.19) | Empty | 0.21 | 1.00 | 105.7 | 18
  1.549 | em | 2.83 | 1.00 | 0.00 | 0.2 | 0 | Locomotion(0.20) | Empty | 0.21 | 1.00 | 105.7 | 18
  1.566 | em | 2.82 | 1.00 | 0.00 | 0.2 | 0 | Locomotion(0.21) | Empty | 0.21 | 1.00 | 99.1 | 18 | VURUŞ@boss0,10m
  1.583 | em | 2.82 | 1.00 | 0.00 | 0.2 | 0 | Locomotion(0.22) | Empty | 0.21 | 1.00 | 99.1 | 18
  1.600 | em | 2.82 | 1.00 | 0.00 | 0.2 | 0 | Locomotion(0.23) | Empty | 0.21 | 1.00 | 99.1 | 18
  1.616 | em | 2.82 | 1.00 | 0.00 | 0.2 | 0 | Locomotion(0.24) | Empty | 0.21 | 1.00 | 99.1 | 18
  1.632 | em | 2.81 | 1.00 | 0.00 | 0.2 | 0 | Locomotion(0.25) | Empty | 0.21 | 1.00 | 99.1 | 18
  1.649 | em | 2.81 | 1.00 | 0.00 | 0.2 | 0 | Locomotion(0.26) | Empty | 0.21 | 1.00 | 99.1 | 18
  1.666 | em | 2.81 | 1.00 | 0.00 | 0.2 | 0 | Locomotion(0.27) | Empty | 0.21 | 1.00 | 99.1 | 18
  1.682 | em | 2.80 | 1.00 | 0.00 | 0.2 | 0 | Locomotion(0.28) | Empty | 0.21 | 1.00 | 99.1 | 18
  1.699 | em | 2.80 | 1.00 | 0.00 | 0.2 | 0 | Locomotion(0.29) | Empty | 0.21 | 1.00 | 99.1 | 18
  1.716 | em | 2.80 | 1.00 | 0.00 | 0.2 | 0 | Locomotion(0.30) | Empty | 0.21 | 1.00 | 99.1 | 18
  1.733 | em | 2.79 | 1.00 | 0.00 | 0.2 | 0 | Locomotion(0.31) | Empty | 0.21 | 1.00 | 99.1 | 18
  1.749 | em | 2.79 | 1.00 | 0.00 | 0.2 | 0 | Locomotion(0.32) | Empty | 0.21 | 1.00 | 99.1 | 18
  1.766 | em | 2.79 | 1.00 | 0.00 | 0.2 | 0 | Locomotion(0.33) | Empty | 0.21 | 1.00 | 99.1 | 18
  1.783 | em | 2.79 | 1.00 | 0.00 | 0.2 | 0 | Locomotion(0.34) | Empty | 0.21 | 1.00 | 99.1 | 18
  1.799 | em | 2.78 | 1.00 | 0.00 | 0.2 | 0 | Locomotion(0.35) | Empty | 0.21 | 1.00 | 99.1 | 18
  1.816 | em | 2.78 | 1.00 | 0.00 | 0.2 | 0 | Locomotion(0.36) | Empty | 0.21 | 1.00 | 99.1 | 18
  1.833 | em | 2.78 | 1.00 | 0.00 | 0.2 | 0 | Locomotion(0.37) | Empty | 0.21 | 1.00 | 99.1 | 18
  1.849 | em | 2.77 | 1.00 | 0.00 | 0.2 | 0 | Locomotion(0.38) | Empty | 0.21 | 1.00 | 99.1 | 18
  1.866 | em | 2.77 | 1.00 | 0.00 | 0.2 | 0 | Locomotion(0.39) | Empty | 0.21 | 1.00 | 99.1 | 18
  1.883 | em | 2.77 | 1.00 | 0.00 | 0.2 | 0 | Locomotion(0.40) | Empty | 0.21 | 1.00 | 99.1 | 18
  1.900 | em | 2.77 | 1.00 | 0.00 | 0.2 | 0 | Locomotion(0.41) | Empty | 0.21 | 1.00 | 99.1 | 18
  1.916 | em | 2.76 | 1.00 | 0.00 | 0.2 | 0 | Locomotion(0.42) | Empty | 0.21 | 1.00 | 99.1 | 18
  1.933 | em | 2.76 | 1.00 | 0.00 | 0.2 | 0 | Locomotion(0.43) | Empty | 0.21 | 1.00 | 99.1 | 18
  1.949 | em | 2.76 | 1.00 | 0.00 | 0.2 | 0 | Locomotion(0.43) | Empty | 0.21 | 1.00 | 99.1 | 18
  1.966 | em | 2.75 | 1.00 | 0.00 | 0.2 | 0 | Locomotion(0.44) | Empty | 0.21 | 1.00 | 99.1 | 18
  1.983 | em | 2.75 | 1.00 | 0.00 | 0.2 | 0 | Locomotion(0.45) | Empty | 0.21 | 1.00 | 99.1 | 18
  1.999 | em | 2.75 | 1.00 | 0.00 | 0.2 | 0 | Locomotion(0.46) | Empty | 0.21 | 1.00 | 99.1 | 18
  2.016 | em | 2.75 | 1.00 | 0.00 | 0.2 | 0 | Locomotion(0.47) | Empty | 0.21 | 1.00 | 99.1 | 18
  2.033 | em | 2.74 | 1.00 | 0.00 | 0.2 | 0 | Locomotion(0.48) | Empty | 0.21 | 1.00 | 99.1 | 18
  2.050 | em | 2.74 | 1.00 | 0.00 | 0.2 | 0 | Locomotion(0.49) | Empty | 0.21 | 1.00 | 99.1 | 18
  2.066 | em | 2.74 | 1.00 | 0.00 | 0.2 | 0 | Locomotion(0.50) | Empty | 0.21 | 1.00 | 92.4 | 22 | VURUŞ@boss0,02m
  2.083 | em | 2.73 | 1.00 | 0.00 | 0.2 | 0 | Locomotion(0.51) | Empty | 0.21 | 1.00 | 92.4 | 22
  2.099 | em | 2.73 | 1.00 | 0.00 | 0.2 | 0 | Locomotion(0.52) | Empty | 0.21 | 1.00 | 92.4 | 22
  2.116 | em | 2.73 | 1.00 | 0.00 | 0.2 | 0 | Locomotion(0.53) | Empty | 0.21 | 1.00 | 92.4 | 22
  2.134 | em | 2.72 | 1.00 | 0.00 | 0.2 | 0 | Locomotion(0.54) | Empty | 0.21 | 1.00 | 92.4 | 22
  2.150 | em | 2.72 | 1.00 | 0.00 | 0.2 | 0 | Locomotion(0.55) | Empty | 0.21 | 1.00 | 92.4 | 22
  2.166 | em | 2.72 | 1.00 | 0.00 | 0.2 | 0 | Locomotion(0.56) | Empty | 0.21 | 1.00 | 92.4 | 22
  2.183 | em | 2.72 | 1.00 | 0.00 | 0.2 | 0 | Locomotion(0.57) | Empty | 0.21 | 1.00 | 92.4 | 22
  2.199 | em | 2.71 | 1.00 | 0.00 | 0.2 | 0 | Locomotion(0.58) | Empty | 0.21 | 1.00 | 92.4 | 22
  2.216 | em | 2.71 | 1.00 | 0.00 | 0.2 | 0 | Locomotion(0.59) | Empty | 0.21 | 1.00 | 92.4 | 22
  2.233 | em | 2.71 | 1.00 | 0.00 | 0.2 | 0 | Locomotion(0.60) | Empty | 0.21 | 1.00 | 92.4 | 22
  2.249 | em | 2.70 | 1.00 | 0.00 | 0.2 | 0 | Locomotion(0.61) | Empty | 0.21 | 1.00 | 92.4 | 22
  2.266 | em | 2.70 | 1.00 | 0.00 | 0.2 | 0 | Locomotion(0.62) | Empty | 0.21 | 1.00 | 92.4 | 22
  2.283 | em | 2.70 | 1.00 | 0.00 | 0.2 | 0 | Locomotion(0.63) | Empty | 0.21 | 1.00 | 92.4 | 22
  2.299 | em | 2.70 | 1.00 | 0.00 | 0.2 | 0 | Locomotion(0.64) | Empty | 0.21 | 1.00 | 92.4 | 22
  2.316 | em | 2.69 | 1.00 | 0.00 | 0.2 | 0 | Locomotion(0.65) | Empty | 0.21 | 1.00 | 92.4 | 22
  2.332 | em | 2.69 | 1.00 | 0.00 | 0.2 | 0 | Locomotion(0.66) | Empty | 0.21 | 1.00 | 92.4 | 22
  2.349 | em | 2.69 | 1.00 | 0.00 | 0.2 | 0 | Locomotion(0.67) | Empty | 0.21 | 1.00 | 92.4 | 22
  2.366 | em | 2.68 | 1.00 | 0.00 | 0.2 | 0 | Locomotion(0.68) | Empty | 0.21 | 1.00 | 92.4 | 22
  2.382 | em | 2.68 | 1.00 | 0.00 | 0.2 | 0 | Locomotion(0.69) | Empty | 0.21 | 1.00 | 92.4 | 22
  2.399 | em | 2.68 | 1.00 | 0.00 | 0.2 | 0 | Locomotion(0.70) | Empty | 0.21 | 1.00 | 92.4 | 22
  2.416 | em | 2.68 | 1.00 | 0.00 | 0.2 | 0 | Locomotion(0.71) | Empty | 0.21 | 1.00 | 92.4 | 22
  2.433 | em | 2.67 | 1.00 | 0.00 | 0.2 | 0 | Locomotion(0.72) | Empty | 0.21 | 1.00 | 92.4 | 22
  2.450 | em | 2.67 | 1.00 | 0.00 | 0.2 | 0 | Locomotion(0.72) | Empty | 0.21 | 1.00 | 92.4 | 22
  2.466 | em | 2.67 | 1.00 | 0.00 | 0.2 | 0 | Locomotion(0.73) | Empty | 0.21 | 1.00 | 92.4 | 22
  2.483 | em | 2.66 | 1.00 | 0.00 | 0.2 | 0 | Locomotion(0.74) | Empty | 0.21 | 1.00 | 92.4 | 22
  2.500 | em | 2.66 | 1.00 | 0.00 | 0.2 | 0 | Locomotion(0.75) | Empty | 0.21 | 1.00 | 92.4 | 22
  2.516 | em | 2.66 | 1.00 | 0.00 | 0.2 | 0 | Locomotion(0.76) | Empty | 0.21 | 1.00 | 92.4 | 22
  2.533 | em | 2.65 | 1.00 | 0.00 | 0.2 | 0 | Locomotion(0.77) | Empty | 0.21 | 1.00 | 92.4 | 22
  2.549 | em | 2.65 | 1.00 | 0.00 | 0.2 | 0 | Locomotion(0.78) | Empty | 0.21 | 1.00 | 92.4 | 22
  2.566 | - | 2.65 | 1.00 | 0.00 | 0.1 | 0 | Locomotion(0.79) | Empty | 0.00 | 1.00 | 85.8 | 22 | VURUŞ@boss0,07m
  2.582 | - | 2.65 | 1.00 | 0.00 | 0.0 | 0 | Locomotion(0.80) | Empty | 0.00 | 1.00 | 85.8 | 22
  2.599 | - | 2.65 | 1.00 | 0.00 | 0.0 | 0 | Locomotion(0.81) | Empty | 0.00 | 1.00 | 85.8 | 22
  2.616 | - | 2.65 | 1.00 | 0.00 | 0.0 | 0 | Locomotion(0.82) | Empty | 0.00 | 1.00 | 85.8 | 22
  2.633 | - | 2.65 | 1.00 | 0.00 | 0.0 | 0 | Locomotion(0.83) | Empty | 0.00 | 1.00 | 85.8 | 22
  2.650 | - | 2.65 | 1.00 | 0.00 | 0.0 | 0 | Locomotion(0.84) | Empty | 0.00 | 1.00 | 85.8 | 22
  2.666 | - | 2.65 | 1.00 | 0.00 | 0.0 | 0 | Locomotion(0.85) | Empty | 0.00 | 1.00 | 85.8 | 22
  2.683 | - | 2.65 | 1.00 | 0.00 | 0.0 | 0 | Locomotion(0.86) | Empty | 0.00 | 1.00 | 85.8 | 22
  2.699 | - | 2.65 | 1.00 | 0.00 | 0.0 | 0 | Locomotion(0.86) | Empty | 0.00 | 1.00 | 85.8 | 22
  2.716 | - | 2.65 | 1.00 | 0.00 | 0.0 | 0 | Locomotion(0.87) | Empty | 0.00 | 1.00 | 85.8 | 22
  2.733 | - | 2.65 | 1.00 | 0.00 | 0.0 | 0 | Locomotion(0.88) | Empty | 0.00 | 1.00 | 85.8 | 22
  2.749 | - | 2.65 | 1.00 | 0.00 | 0.0 | 0 | Locomotion(0.89) | Empty | 0.00 | 1.00 | 85.8 | 22
  2.766 | - | 2.65 | 1.00 | 0.00 | 0.0 | 0 | Locomotion(0.90) | Empty | 0.00 | 1.00 | 85.8 | 22
  2.783 | - | 2.65 | 1.00 | 0.00 | 0.0 | 0 | Locomotion(0.91) | Empty | 0.00 | 1.00 | 85.8 | 22
  2.799 | - | 2.65 | 1.00 | 0.00 | 0.0 | 0 | Locomotion(0.92) | Empty | 0.00 | 1.00 | 85.8 | 22
  2.816 | - | 2.65 | 1.00 | 0.00 | 0.0 | 0 | Locomotion(0.93) | Empty | 0.00 | 1.00 | 85.8 | 22
  2.832 | - | 2.65 | 1.00 | 0.00 | 0.0 | 0 | Locomotion(0.94) | Empty | 0.00 | 1.00 | 85.8 | 22
  2.849 | - | 2.65 | 1.00 | 0.00 | 0.0 | 0 | Locomotion(0.95) | Empty | 0.00 | 1.00 | 85.8 | 22
  2.866 | - | 2.65 | 1.00 | 0.00 | 0.0 | 0 | Locomotion(0.96) | Empty | 0.00 | 1.00 | 85.8 | 22
  2.883 | - | 2.65 | 1.00 | 0.00 | 0.0 | 0 | Locomotion(0.96) | Empty | 0.00 | 1.00 | 85.8 | 22
  2.900 | - | 2.65 | 1.00 | 0.00 | 0.0 | 0 | Locomotion(0.97) | Empty | 0.00 | 1.00 | 85.8 | 22
  2.916 | - | 2.65 | 1.00 | 0.00 | 0.0 | 0 | Locomotion(0.98) | Empty | 0.00 | 1.00 | 85.8 | 22
  2.933 | - | 2.65 | 1.00 | 0.00 | 0.0 | 0 | Locomotion(0.99) | Empty | 0.00 | 1.00 | 85.8 | 22
  2.949 | - | 2.65 | 1.00 | 0.00 | 0.0 | 0 | Locomotion(1.00) | Empty | 0.00 | 1.00 | 85.8 | 22
  2.966 | - | 2.65 | 1.00 | 0.00 | 0.0 | 0 | Locomotion(1.01) | Empty | 0.00 | 1.00 | 85.8 | 22
  2.982 | - | 2.65 | 1.00 | 0.00 | 0.0 | 0 | Locomotion(1.02) | Empty | 0.00 | 1.00 | 85.8 | 22
  3.000 | - | 2.65 | 1.00 | 0.00 | 0.0 | 0 | Locomotion(1.03) | Empty | 0.00 | 1.00 | 85.8 | 22
  3.016 | - | 2.65 | 1.00 | 0.00 | 0.0 | 0 | Locomotion(1.04) | Empty | 0.00 | 1.00 | 85.8 | 22
  3.033 | - | 2.65 | 1.00 | 0.00 | 0.0 | 0 | Locomotion(1.05) | Empty | 0.00 | 1.00 | 85.8 | 22

=== kontrol 5-2 Emici Patlama [Kılıç] başlangıç 3,0 m, kalıp ceken_girdap, boss r=0,93, oyuncu r=0,50, temas 1,43
  sonuç: GEÇTİ isabet=True konum=yerinde→yerinde gövde=True tek=True hata=True süre=True sıçrama_yok=True hasar=26,6 etki=[oyuncu +8 can] bacak=[]
  not: vuruş 3: 1,04s@boss0,02m/oyuncu1,76m 1,55s@boss0,00m/oyuncu2,88m 1,59s@boss0,00m/oyuncu2,92m
  not: kalıp sonu: merkeze 2,97 m, başlangıçtan 0,00 m, kalıp simülasyonundan 0,00 m
  log: LOG [Motion] 5-2 → Çeken girdap
  log: LOG [Mechanic] 5-2/Kılıç: İçe çöküş · Girdap — kılıç yayı → küre 3.6m, önünde yay (içine çeker). Etkiler: can→düşman -26.6; cek→düşman [merkeze]; can→sen 7.98 [aktarim]; mermi_sil→düşman mermisi [yut]
  log: LOG [Mechanic] isabet 5-2/Kılıç: çekme
  t | faz | merkez_m | taraf(+ön/-arka) | yan_m | hız_mps | yaw | taban_state(norm) | üst_state | Speed | Playback | bossHP | oyuncuHP
  0.017 | - | 3.00 | 1.00 | 0.00 | 0.0 | 0 | Locomotion(1.26) | Empty | 0.00 | 1.00 | 85.8 | 11
  0.033 | - | 3.00 | 1.00 | 0.00 | 0.0 | 0 | Locomotion(1.27) | Empty | 0.00 | 1.00 | 85.8 | 11
  0.050 | - | 3.00 | 1.00 | 0.00 | 0.0 | 0 | Locomotion(1.28) | Empty | 0.00 | 1.00 | 85.8 | 11
  0.067 | - | 3.00 | 1.00 | 0.00 | 0.0 | 0 | CastPierce(0.06) | Empty | 0.00 | 1.00 | 85.8 | 11
  0.083 | - | 3.00 | 1.00 | 0.00 | 0.0 | 0 | CastPierce(0.08) | Empty | 0.00 | 1.00 | 85.8 | 11
  0.099 | - | 3.00 | 1.00 | 0.00 | 0.0 | 0 | CastPierce(0.10) | Empty | 0.00 | 1.00 | 85.8 | 11
  0.116 | - | 3.00 | 1.00 | 0.00 | 0.0 | 0 | CastPierce(0.12) | Empty | 0.00 | 1.00 | 85.8 | 11
  0.133 | - | 3.00 | 1.00 | 0.00 | 0.0 | 0 | CastPierce(0.14) | Empty | 0.00 | 1.00 | 85.8 | 11
  0.150 | - | 3.00 | 1.00 | 0.00 | 0.0 | 0 | CastPierce(0.16) | Empty | 0.00 | 1.00 | 85.8 | 11
  0.166 | - | 3.00 | 1.00 | 0.00 | 0.0 | 0 | CastPierce(0.18) | Empty | 0.00 | 1.00 | 85.8 | 11
  0.183 | - | 3.00 | 1.00 | 0.00 | 0.0 | 0 | CastPierce(0.20) | Empty | 0.00 | 1.00 | 85.8 | 11
  0.200 | - | 3.00 | 1.00 | 0.00 | 0.0 | 0 | CastPierce(0.22) | Empty | 0.00 | 1.00 | 85.8 | 11
  0.217 | - | 3.00 | 1.00 | 0.00 | 0.0 | 0 | CastPierce(0.24) | Empty | 0.00 | 1.00 | 85.8 | 11
  0.233 | - | 3.00 | 1.00 | 0.00 | 0.0 | 0 | CastPierce(0.26) | Empty | 0.00 | 1.00 | 85.8 | 11
  0.250 | - | 3.00 | 1.00 | 0.00 | 0.0 | 0 | CastPierce(0.28) | Empty | 0.00 | 1.00 | 85.8 | 11
  0.267 | - | 3.00 | 1.00 | 0.00 | 0.0 | 0 | CastPierce(0.30) | Empty | 0.00 | 1.00 | 85.8 | 11
  0.284 | - | 3.00 | 1.00 | 0.00 | 0.0 | 0 | CastPierce(0.32) | Empty | 0.00 | 1.00 | 85.8 | 11
  0.300 | - | 3.00 | 1.00 | 0.00 | 0.0 | 0 | CastPierce(0.34) | Empty | 0.00 | 1.00 | 85.8 | 11
  0.316 | - | 3.00 | 1.00 | 0.00 | 0.0 | 0 | CastPierce(0.36) | Empty | 0.00 | 1.00 | 85.8 | 11
  0.333 | - | 3.00 | 1.00 | 0.00 | 0.0 | 0 | CastPierce(0.38) | Empty | 0.00 | 1.00 | 85.8 | 11
  0.350 | - | 3.00 | 1.00 | 0.00 | 0.0 | 0 | CastPierce(0.40) | Empty | 0.00 | 1.00 | 85.8 | 11
  0.366 | ac | 3.00 | 1.00 | 0.00 | 0.0 | 0 | CastPierce(0.42) | Empty | 0.00 | 1.00 | 85.8 | 11
  0.383 | ac | 2.99 | 1.00 | 0.00 | 0.0 | 0 | CastPierce(0.44) | Empty | 0.00 | 1.00 | 85.8 | 11
  0.400 | ac | 2.98 | 1.00 | 0.00 | 0.0 | 0 | CastPierce(0.46) | Empty | 0.00 | 1.00 | 85.8 | 11
  0.417 | ac | 2.95 | 1.00 | 0.00 | 0.0 | 0 | CastShoot(0.06) | Empty | 0.00 | 1.00 | 85.8 | 11
  0.434 | ac | 2.91 | 1.00 | 0.00 | 0.0 | 0 | CastShoot(0.08) | Empty | 0.00 | 1.00 | 85.8 | 11
  0.450 | ac | 2.86 | 1.00 | 0.00 | 0.0 | 0 | CastShoot(0.10) | Empty | 0.00 | 1.00 | 85.8 | 11
  0.467 | ac | 2.80 | 1.00 | 0.00 | 0.0 | 0 | CastShoot(0.12) | Empty | 0.00 | 1.00 | 85.8 | 11
  0.483 | ac | 2.74 | 1.00 | 0.00 | 0.0 | 0 | CastShoot(0.14) | Empty | 0.00 | 1.00 | 85.8 | 11
  0.500 | ac | 2.68 | 1.00 | 0.00 | 0.0 | 0 | CastShoot(0.16) | Empty | 0.00 | 1.00 | 85.8 | 11
  0.516 | ac | 2.61 | 1.00 | 0.00 | 0.0 | 0 | CastShoot(0.18) | Empty | 0.00 | 1.00 | 85.8 | 11
  0.533 | cek | 2.53 | 1.00 | 0.00 | 0.0 | 0 | CastShoot(0.20) | Empty | 0.00 | 1.00 | 85.8 | 11
  0.551 | cek | 2.45 | 1.00 | 0.00 | 0.0 | 0 | CastShoot(0.22) | Empty | 0.00 | 1.00 | 85.8 | 11
  0.566 | cek | 2.38 | 1.00 | 0.00 | 0.0 | 0 | CastShoot(0.24) | Empty | 0.00 | 1.00 | 85.8 | 11
  0.584 | cek | 2.30 | 1.00 | 0.00 | 0.0 | 0 | CastChannel(0.05) | Empty | 0.00 | 1.00 | 85.8 | 11
  0.601 | cek | 2.22 | 1.00 | 0.00 | 0.0 | 0 | CastChannel(0.07) | Empty | 0.00 | 1.00 | 85.8 | 11
  0.617 | cek | 2.15 | 1.00 | 0.00 | 0.0 | 0 | CastChannel(0.08) | Empty | 0.00 | 1.00 | 85.8 | 11
  0.634 | cek | 2.08 | 1.00 | 0.00 | 0.0 | 0 | CastChannel(0.10) | Empty | 0.00 | 1.00 | 85.8 | 11
  0.651 | cek | 2.01 | 1.00 | 0.00 | 0.0 | 0 | CastChannel(0.12) | Empty | 0.00 | 1.00 | 85.8 | 11
  0.668 | cek | 1.95 | 1.00 | 0.00 | 0.0 | 0 | CastChannel(0.13) | Empty | 0.00 | 1.00 | 85.8 | 11
  0.684 | cek | 1.89 | 1.00 | 0.00 | 0.0 | 0 | CastChannel(0.15) | Empty | 0.00 | 1.00 | 85.8 | 11
  0.723 | cek | 1.80 | 1.00 | 0.00 | 0.0 | 0 | CastChannel(0.19) | Empty | 0.00 | 1.00 | 85.8 | 11
  0.728 | cek | 1.79 | 1.00 | 0.00 | 0.0 | 0 | CastChannel(0.19) | Empty | 0.00 | 1.00 | 85.8 | 11
  0.743 | cek | 1.77 | 1.00 | 0.00 | 0.0 | 0 | CastChannel(0.21) | Empty | 0.00 | 1.00 | 85.8 | 11
  0.760 | cek | 1.76 | 1.00 | 0.00 | 0.0 | 0 | CastChannel(0.23) | Empty | 0.00 | 1.00 | 85.8 | 11
  0.777 | cek | 1.76 | 1.00 | 0.00 | 0.0 | 0 | CastChannel(0.24) | Empty | 0.00 | 1.00 | 85.8 | 11
  0.793 | cek | 1.76 | 1.00 | 0.00 | 0.0 | 0 | CastChannel(0.26) | Empty | 0.00 | 1.00 | 85.8 | 11
  0.810 | cek | 1.76 | 1.00 | 0.00 | 0.0 | 0 | CastChannel(0.28) | Empty | 0.00 | 1.00 | 85.8 | 11
  0.827 | cek | 1.76 | 1.00 | 0.00 | 0.0 | 0 | CastChannel(0.29) | Empty | 0.00 | 1.00 | 85.8 | 11
  0.843 | cek | 1.76 | 1.00 | 0.00 | 0.0 | 0 | CastChannel(0.31) | Empty | 0.00 | 1.00 | 85.8 | 11
  0.860 | cek | 1.76 | 1.00 | 0.00 | 0.0 | 0 | CastChannel(0.33) | Empty | 0.00 | 1.00 | 85.8 | 11
  0.877 | cek | 1.76 | 1.00 | 0.00 | 0.0 | 0 | CastChannel(0.34) | Empty | 0.00 | 1.00 | 85.8 | 11
  0.893 | cek | 1.76 | 1.00 | 0.00 | 0.0 | 0 | CastChannel(0.36) | Empty | 0.00 | 1.00 | 85.8 | 11
  0.910 | cek | 1.76 | 1.00 | 0.00 | 0.0 | 0 | CastChannel(0.38) | Empty | 0.00 | 1.00 | 85.8 | 11
  0.927 | cek | 1.76 | 1.00 | 0.00 | 0.0 | 0 | CastChannel(0.39) | Empty | 0.00 | 1.00 | 85.8 | 11
  0.944 | cek | 1.76 | 1.00 | 0.00 | 0.0 | 0 | CastChannel(0.41) | Empty | 0.00 | 1.00 | 85.8 | 11
  0.961 | cek | 1.76 | 1.00 | 0.00 | 0.0 | 0 | CastChannel(0.43) | Empty | 0.00 | 1.00 | 85.8 | 11
  0.976 | cek | 1.76 | 1.00 | 0.00 | 0.0 | 0 | CastChannel(0.44) | Empty | 0.00 | 1.00 | 85.8 | 11
  0.993 | cek | 1.76 | 1.00 | 0.00 | 0.0 | 0 | CastChannel(0.46) | Empty | 0.00 | 1.00 | 85.8 | 11
  1.010 | cek | 1.76 | 1.00 | 0.00 | 0.0 | 0 | CastChannel(0.48) | Empty | 0.00 | 1.00 | 85.8 | 11
  1.027 | cek | 1.76 | 1.00 | 0.00 | 0.0 | 0 | CastChannel(0.49) | Empty | 0.00 | 1.00 | 85.8 | 11
  1.044 | cek | 1.76 | 1.00 | 0.00 | 0.0 | 0 | CastChannel(0.51) | Empty | 0.00 | 1.00 | 76.5 | 14 | VURUŞ@boss0,00m
  1.044 | cek | 1.74 | 1.00 | 0.01 | 0.0 | 0 | CastChannel(0.53) | Empty | 0.00 | 1.00 | 76.5 | 14
  1.044 | cek | 1.74 | 1.00 | 0.01 | 0.0 | 0 | CastChannel(0.54) | Empty | 0.00 | 1.00 | 76.5 | 14
  1.044 | cek | 1.74 | 1.00 | 0.01 | 0.0 | 0 | CastChannel(0.56) | Empty | 0.00 | 1.00 | 76.5 | 14
  1.044 | cek | 1.74 | 1.00 | 0.01 | 0.0 | 0 | CastChannel(0.58) | Empty | 0.00 | 1.00 | 76.5 | 14
  1.044 | cek | 1.74 | 1.00 | 0.01 | 0.0 | 0 | CastChannel(0.59) | Empty | 0.00 | 1.00 | 76.5 | 14
  1.061 | cek | 1.85 | 1.00 | 0.00 | 0.0 | 360 | CastChannel(0.61) | Empty | 0.00 | 1.00 | 76.5 | 14
  1.077 | cek | 1.90 | 1.00 | 0.01 | 0.0 | 360 | CastChannel(0.63) | Empty | 0.00 | 1.00 | 76.5 | 14
  1.094 | cek | 1.96 | 1.00 | -0.01 | 0.0 | 0 | CastChannel(0.64) | Empty | 0.00 | 1.00 | 76.5 | 14
  1.111 | cek | 2.03 | 1.00 | 0.00 | 0.0 | 360 | CastChannel(0.66) | Empty | 0.00 | 1.00 | 76.5 | 14
  1.128 | cek | 2.08 | 1.00 | 0.00 | 0.0 | 360 | CastChannel(0.68) | Empty | 0.00 | 1.00 | 76.5 | 14
  1.144 | cek | 2.15 | 1.00 | 0.00 | 0.0 | 0 | CastChannel(0.69) | Empty | 0.00 | 1.00 | 76.5 | 14
  1.161 | cek | 2.19 | 1.00 | 0.00 | 0.0 | 360 | CastChannel(0.71) | Empty | 0.00 | 1.00 | 76.5 | 14
  1.177 | cek | 2.24 | 1.00 | -0.01 | 0.0 | 0 | CastChannel(0.73) | Empty | 0.00 | 1.00 | 76.5 | 14
  1.194 | cek | 2.29 | 1.00 | 0.00 | 0.0 | 360 | CastChannel(0.74) | Empty | 0.00 | 1.00 | 76.5 | 14
  1.211 | cek | 2.34 | 1.00 | 0.00 | 0.0 | 0 | CastChannel(0.76) | Empty | 0.00 | 1.00 | 76.5 | 14
  1.227 | cek | 2.38 | 1.00 | 0.00 | 0.0 | 0 | CastChannel(0.78) | Empty | 0.00 | 1.00 | 76.5 | 14
  1.244 | cek | 2.42 | 1.00 | 0.00 | 0.0 | 0 | CastChannel(0.79) | Empty | 0.00 | 1.00 | 76.5 | 14
  1.261 | cek | 2.46 | 1.00 | 0.00 | 0.0 | 0 | CastChannel(0.81) | Empty | 0.00 | 1.00 | 76.5 | 14
  1.278 | cek | 2.50 | 1.00 | 0.00 | 0.0 | 0 | CastChannel(0.83) | Empty | 0.00 | 1.00 | 76.5 | 14
  1.294 | cek | 2.53 | 1.00 | 0.00 | 0.0 | 0 | CastChannel(0.84) | Empty | 0.00 | 1.00 | 76.5 | 14
  1.311 | cek | 2.56 | 1.00 | 0.00 | 0.0 | 0 | CastChannel(0.86) | Empty | 0.00 | 1.00 | 76.5 | 14
  1.327 | cek | 2.59 | 1.00 | 0.00 | 0.0 | 0 | CastChannel(0.88) | Empty | 0.00 | 1.00 | 76.5 | 14
  1.345 | cek | 2.62 | 1.00 | 0.00 | 0.0 | 0 | CastChannel(0.89) | Empty | 0.00 | 1.00 | 76.5 | 14
  1.361 | cek | 2.65 | 1.00 | 0.00 | 0.0 | 0 | CastChannel(0.91) | Empty | 0.00 | 1.00 | 76.5 | 14
  1.379 | cek | 2.68 | 1.00 | 0.00 | 0.0 | 0 | Locomotion(0.07) | Empty | 0.00 | 1.00 | 76.5 | 14
  1.395 | cek | 2.70 | 1.00 | 0.00 | 0.0 | 0 | Locomotion(0.08) | Empty | 0.00 | 1.00 | 76.5 | 14
  1.411 | cek | 2.73 | 1.00 | 0.00 | 0.0 | 0 | Locomotion(0.09) | Empty | 0.00 | 1.00 | 76.5 | 14
  1.428 | cek | 2.75 | 1.00 | 0.00 | 0.0 | 0 | Locomotion(0.10) | Empty | 0.00 | 1.00 | 76.5 | 14
  1.445 | cek | 2.77 | 1.00 | 0.00 | 0.0 | 0 | Locomotion(0.11) | Empty | 0.00 | 1.00 | 76.5 | 14
  1.461 | cek | 2.79 | 1.00 | 0.00 | 0.0 | 0 | Locomotion(0.11) | Empty | 0.00 | 1.00 | 76.5 | 14
  1.477 | cek | 2.81 | 1.00 | 0.00 | 0.0 | 0 | Locomotion(0.12) | Empty | 0.00 | 1.00 | 76.5 | 14
  1.494 | cek | 2.83 | 1.00 | 0.00 | 0.0 | 0 | Locomotion(0.13) | Empty | 0.00 | 1.00 | 76.5 | 14
  1.511 | cek | 2.84 | 1.00 | 0.00 | 0.0 | 0 | Locomotion(0.14) | Empty | 0.00 | 1.00 | 76.5 | 14
  1.528 | cek | 2.86 | 1.00 | 0.00 | 0.0 | 0 | Locomotion(0.15) | Empty | 0.00 | 1.00 | 76.5 | 14
  1.545 | pat | 2.88 | 1.00 | 0.00 | 0.0 | 0 | Locomotion(0.16) | Empty | 0.00 | 1.00 | 67.2 | 17 | VURUŞ@boss0,00m
  1.545 | pat | 2.88 | 1.00 | 0.00 | 0.0 | 0 | Locomotion(0.17) | Empty | 0.00 | 1.00 | 67.2 | 17
  1.545 | pat | 2.88 | 1.00 | 0.00 | 0.0 | 0 | Locomotion(0.18) | Empty | 0.00 | 1.00 | 67.2 | 17
  1.545 | pat | 2.88 | 1.00 | 0.00 | 0.0 | 0 | Locomotion(0.19) | Empty | 0.00 | 1.00 | 67.2 | 17
  1.545 | pat | 2.88 | 1.00 | 0.00 | 0.0 | 0 | Locomotion(0.20) | Empty | 0.00 | 1.00 | 67.2 | 17
  1.545 | pat | 2.88 | 1.00 | 0.00 | 0.0 | 0 | Locomotion(0.21) | Empty | 0.00 | 1.00 | 67.2 | 17
  1.561 | pat | 2.89 | 1.00 | 0.00 | 0.0 | 0 | Locomotion(0.21) | Empty | 0.00 | 1.00 | 67.2 | 17
  1.578 | pat | 2.90 | 1.00 | 0.00 | 0.0 | 0 | Locomotion(0.22) | Empty | 0.00 | 1.00 | 67.2 | 17
  1.594 | pat | 2.92 | 1.00 | 0.00 | 0.0 | 0 | Locomotion(0.23) | Empty | 0.00 | 1.00 | 59.2 | 19 | VURUŞ@boss0,00m
  1.612 | pat | 2.93 | 1.00 | 0.00 | 0.0 | 0 | Locomotion(0.24) | Empty | 0.00 | 1.00 | 59.2 | 19
  1.628 | pat | 2.94 | 1.00 | 0.00 | 0.0 | 0 | Locomotion(0.25) | Empty | 0.00 | 1.00 | 59.2 | 19
  1.645 | pat | 2.95 | 1.00 | 0.00 | 0.0 | 0 | Locomotion(0.26) | Empty | 0.00 | 1.00 | 59.2 | 19
  1.661 | pat | 2.96 | 1.00 | 0.00 | 0.0 | 0 | Locomotion(0.27) | Empty | 0.00 | 1.00 | 59.2 | 19
  1.678 | - | 2.97 | 1.00 | 0.00 | 0.0 | 0 | Locomotion(0.28) | Empty | 0.00 | 1.00 | 59.2 | 19
  1.695 | - | 2.98 | 1.00 | 0.00 | 0.0 | 0 | Locomotion(0.29) | Empty | 0.00 | 1.00 | 59.2 | 19
  1.711 | - | 2.99 | 1.00 | 0.00 | 0.0 | 0 | Locomotion(0.30) | Empty | 0.00 | 1.00 | 59.2 | 19
  1.728 | - | 3.00 | 1.00 | 0.00 | 0.0 | 0 | Locomotion(0.31) | Empty | 0.00 | 1.00 | 59.2 | 19
  1.745 | - | 3.01 | 1.00 | 0.00 | 0.0 | 0 | Locomotion(0.31) | Empty | 0.00 | 1.00 | 59.2 | 19
  1.762 | - | 3.02 | 1.00 | 0.00 | 0.0 | 0 | Locomotion(0.32) | Empty | 0.00 | 1.00 | 59.2 | 19
  1.778 | - | 3.02 | 1.00 | 0.00 | 0.0 | 0 | Locomotion(0.33) | Empty | 0.00 | 1.00 | 59.2 | 19
  1.795 | - | 3.03 | 1.00 | 0.00 | 0.0 | 0 | Locomotion(0.34) | Empty | 0.00 | 1.00 | 59.2 | 19
  1.812 | - | 3.04 | 1.00 | 0.00 | 0.0 | 0 | Locomotion(0.35) | Empty | 0.00 | 1.00 | 59.2 | 19
  1.828 | - | 3.04 | 1.00 | 0.00 | 0.0 | 0 | Locomotion(0.36) | Empty | 0.00 | 1.00 | 59.2 | 19
  1.845 | - | 3.05 | 1.00 | 0.00 | 0.0 | 0 | Locomotion(0.37) | Empty | 0.00 | 1.00 | 59.2 | 19
  1.862 | - | 3.06 | 1.00 | 0.00 | 0.0 | 0 | Locomotion(0.38) | Empty | 0.00 | 1.00 | 59.2 | 19
  1.878 | - | 3.06 | 1.00 | 0.00 | 0.0 | 0 | Locomotion(0.39) | Empty | 0.00 | 1.00 | 59.2 | 19
  1.895 | - | 3.07 | 1.00 | 0.00 | 0.0 | 0 | Locomotion(0.40) | Empty | 0.00 | 1.00 | 59.2 | 19
  1.911 | - | 3.07 | 1.00 | 0.00 | 0.0 | 0 | Locomotion(0.41) | Empty | 0.00 | 1.00 | 59.2 | 19
  1.928 | - | 3.08 | 1.00 | 0.00 | 0.0 | 0 | Locomotion(0.41) | Empty | 0.00 | 1.00 | 59.2 | 19
  1.945 | - | 3.08 | 1.00 | 0.00 | 0.0 | 0 | Locomotion(0.42) | Empty | 0.00 | 1.00 | 59.2 | 19
  1.963 | - | 3.08 | 1.00 | 0.00 | 0.0 | 0 | Locomotion(0.43) | Empty | 0.00 | 1.00 | 59.2 | 19
  1.978 | - | 3.09 | 1.00 | 0.00 | 0.0 | 0 | Locomotion(0.44) | Empty | 0.00 | 1.00 | 59.2 | 19
  1.995 | - | 3.09 | 1.00 | 0.00 | 0.0 | 0 | Locomotion(0.45) | Empty | 0.00 | 1.00 | 59.2 | 19
  2.012 | - | 3.10 | 1.00 | 0.00 | 0.0 | 0 | Locomotion(0.46) | Empty | 0.00 | 1.00 | 59.2 | 19
  2.028 | - | 3.10 | 1.00 | 0.00 | 0.0 | 0 | Locomotion(0.47) | Empty | 0.00 | 1.00 | 59.2 | 19
  2.045 | - | 3.10 | 1.00 | 0.00 | 0.0 | 0 | Locomotion(0.48) | Empty | 0.00 | 1.00 | 59.2 | 19
  2.062 | - | 3.10 | 1.00 | 0.00 | 0.0 | 0 | Locomotion(0.49) | Empty | 0.00 | 1.00 | 59.2 | 19
  2.078 | - | 3.11 | 1.00 | 0.00 | 0.0 | 0 | Locomotion(0.50) | Empty | 0.00 | 1.00 | 59.2 | 19
  2.095 | - | 3.11 | 1.00 | 0.00 | 0.0 | 0 | Locomotion(0.51) | Empty | 0.00 | 1.00 | 59.2 | 19
  2.111 | - | 3.11 | 1.00 | 0.00 | 0.0 | 0 | Locomotion(0.51) | Empty | 0.00 | 1.00 | 59.2 | 19
  2.128 | - | 3.11 | 1.00 | 0.00 | 0.0 | 0 | Locomotion(0.52) | Empty | 0.00 | 1.00 | 59.2 | 19
  2.145 | - | 3.12 | 1.00 | 0.00 | 0.0 | 0 | Locomotion(0.53) | Empty | 0.00 | 1.00 | 59.2 | 19
  2.161 | - | 3.12 | 1.00 | 0.00 | 0.0 | 0 | Locomotion(0.54) | Empty | 0.00 | 1.00 | 59.2 | 19
  2.178 | - | 3.12 | 1.00 | 0.00 | 0.0 | 0 | Locomotion(0.55) | Empty | 0.00 | 1.00 | 59.2 | 19
  2.195 | - | 3.12 | 1.00 | 0.00 | 0.0 | 0 | Locomotion(0.56) | Empty | 0.00 | 1.00 | 59.2 | 19

=== kontrol 6-2 Emici Bağ [Kılıç] başlangıç 3,0 m, kalıp bossu_cek, boss r=0,93, oyuncu r=0,50, temas 1,43
  sonuç: KALDI isabet=False konum=geri→geri gövde=True tek=True hata=True süre=True sıçrama_yok=True hasar=0,0 etki=[] bacak=[14/17 kare koşu, ayak/gövde hız oranı 0,49]
  not: hasar yok, etki görülmedi
  not: vuruş 1: 0,70s@boss5,03m/oyuncu1,36m
  not: kalıp sonu: merkeze 7,85 m, başlangıçtan 1,60 m, kalıp simülasyonundan 0,00 m, boss 3,25 m kaydı
  log: LOG [Motion] 6-2 → Boss'u kendine çekme
  log: LOG [Mechanic] 6-2/Kılıç: Hedefi sana çekme · Girdap — kılıç yayı → koni 4m, önünde yay (içine çeker, uyumsuz silah). Etkiler: hareket→düşman 1.5sn; can→düşman -6.08; cek→düşman [sana_dogru]; can→sen 1.82 [aktarim]; mermi_sil→düşman mermisi [yut]
  t | faz | merkez_m | taraf(+ön/-arka) | yan_m | hız_mps | yaw | taban_state(norm) | üst_state | Speed | Playback | bossHP | oyuncuHP
  0.016 | - | 3.00 | 1.00 | 0.00 | 0.0 | 0 | Locomotion(0.78) | Empty | 0.00 | 1.00 | 120.0 | 11
  0.033 | - | 3.00 | 1.00 | 0.00 | 0.0 | 0 | Locomotion(0.79) | Empty | 0.00 | 1.00 | 120.0 | 11
  0.050 | - | 3.00 | 1.00 | 0.00 | 0.0 | 0 | Locomotion(0.80) | Empty | 0.00 | 1.00 | 120.0 | 11
  0.067 | - | 3.00 | 1.00 | 0.00 | 0.0 | 0 | CastChannel(0.05) | Empty | 0.00 | 1.00 | 120.0 | 11
  0.083 | - | 3.00 | 1.00 | 0.00 | 0.0 | 0 | CastChannel(0.07) | Empty | 0.00 | 1.00 | 120.0 | 11
  0.100 | - | 3.00 | 1.00 | 0.00 | 0.0 | 0 | CastChannel(0.08) | Empty | 0.00 | 1.00 | 120.0 | 11
  0.117 | - | 3.00 | 1.00 | 0.00 | 0.0 | 0 | CastChannel(0.10) | Empty | 0.00 | 1.00 | 120.0 | 11
  0.134 | - | 3.00 | 1.00 | 0.00 | 0.0 | 0 | CastChannel(0.12) | Empty | 0.00 | 1.00 | 120.0 | 11
  0.150 | - | 3.00 | 1.00 | 0.00 | 0.0 | 0 | CastChannel(0.13) | Empty | 0.00 | 1.00 | 120.0 | 11
  0.167 | - | 3.00 | 1.00 | 0.00 | 0.0 | 0 | CastChannel(0.15) | Empty | 0.00 | 1.00 | 120.0 | 11
  0.184 | - | 3.00 | 1.00 | 0.00 | 0.0 | 0 | CastChannel(0.17) | Empty | 0.00 | 1.00 | 120.0 | 11
  0.200 | - | 3.00 | 1.00 | 0.00 | 0.0 | 0 | CastChannel(0.18) | Empty | 0.00 | 1.00 | 120.0 | 11
  0.217 | - | 3.01 | 1.00 | 0.00 | 0.0 | 0 | CastChannel(0.20) | Empty | 0.00 | 1.00 | 120.0 | 11
  0.234 | - | 3.01 | 1.00 | 0.00 | 0.0 | 0 | CastChannel(0.22) | Empty | 0.00 | 1.00 | 120.0 | 11
  0.250 | - | 3.01 | 1.00 | 0.00 | 0.0 | 0 | CastChannel(0.23) | Empty | 0.00 | 1.00 | 120.0 | 11
  0.266 | - | 3.01 | 1.00 | 0.00 | 0.0 | 0 | CastChannel(0.25) | Empty | 0.00 | 1.00 | 120.0 | 11
  0.284 | - | 3.01 | 1.00 | 0.00 | 0.0 | 0 | CastChannel(0.27) | Empty | 0.00 | 1.00 | 120.0 | 11
  0.300 | - | 3.01 | 1.00 | 0.00 | 0.0 | 0 | CastChannel(0.28) | Empty | 0.00 | 1.00 | 120.0 | 11
  0.317 | - | 3.01 | 1.00 | 0.00 | 0.0 | 0 | CastChannel(0.30) | Empty | 0.00 | 1.00 | 120.0 | 11
  0.333 | - | 3.01 | 1.00 | 0.00 | 0.0 | 0 | CastChannel(0.32) | Empty | 0.00 | 1.00 | 120.0 | 11
  0.350 | - | 3.01 | 1.00 | 0.00 | 0.0 | 0 | CastChannel(0.33) | Empty | 0.00 | 1.00 | 120.0 | 11
  0.366 | - | 3.01 | 1.00 | 0.00 | 0.0 | 0 | CastChannel(0.35) | Empty | 0.00 | 1.00 | 120.0 | 11
  0.384 | - | 3.01 | 1.00 | 0.00 | 0.0 | 0 | CastChannel(0.37) | Empty | 0.00 | 1.00 | 120.0 | 11
  0.400 | - | 3.01 | 1.00 | 0.00 | 0.0 | 0 | CastChannel(0.38) | Empty | 0.00 | 1.00 | 120.0 | 11
  0.417 | at | 3.01 | 1.00 | 0.00 | 0.0 | 0 | CastChannel(0.40) | Empty | 0.00 | 1.00 | 120.0 | 11
  0.433 | at | 3.02 | 1.00 | 0.00 | 0.0 | 0 | CastChannel(0.42) | Empty | 0.00 | 1.00 | 120.0 | 11
  0.450 | at | 3.07 | 1.00 | 0.00 | 0.0 | 0 | CastChannel(0.43) | Empty | 0.00 | 1.00 | 120.0 | 11
  0.467 | at | 3.15 | 1.00 | 0.00 | 0.0 | 0 | CastShoot(0.06) | Empty | 0.00 | 1.00 | 120.0 | 11
  0.484 | at | 3.25 | 1.00 | 0.00 | 0.0 | 0 | CastShoot(0.08) | Empty | 0.00 | 1.00 | 120.0 | 11
  0.500 | at | 3.37 | 1.00 | 0.00 | 0.0 | 0 | CastShoot(0.10) | Empty | 0.00 | 1.00 | 120.0 | 11
  0.516 | at | 3.51 | 1.00 | 0.00 | 0.0 | 0 | CastShoot(0.12) | Empty | 0.00 | 1.00 | 120.0 | 11
  0.533 | at | 3.68 | 1.00 | 0.00 | 0.0 | 0 | CastShoot(0.14) | Empty | 0.00 | 1.00 | 120.0 | 11
  0.550 | at | 3.85 | 1.00 | 0.00 | 0.0 | 0 | CastShoot(0.16) | Empty | 0.00 | 1.00 | 120.0 | 11
  0.567 | cek | 4.07 | 1.00 | 0.00 | 2.3 | 0 | CastShoot(0.18) | Empty | 2.24 | -1.21 | 120.0 | 11
  0.583 | cek | 4.36 | 1.00 | 0.00 | 5.7 | 0 | CastShoot(0.20) | Empty | 2.24 | -1.50 | 120.0 | 11
  0.600 | cek | 4.65 | 1.00 | 0.00 | 5.7 | 0 | CastShoot(0.22) | Empty | 2.24 | -1.50 | 120.0 | 11
  0.617 | cek | 4.96 | 1.00 | 0.00 | 5.7 | 0 | Locomotion(-0.10) | Empty | 2.24 | -1.50 | 120.0 | 11
  0.633 | cek | 5.25 | 1.00 | 0.00 | 5.7 | 0 | Locomotion(-0.14) | Empty | 2.24 | -1.50 | 120.0 | 11
  0.650 | cek | 5.55 | 1.00 | 0.00 | 5.7 | 0 | Locomotion(-0.17) | Empty | 2.24 | -1.50 | 120.0 | 11
  0.667 | cek | 5.84 | 1.00 | 0.00 | 5.7 | 0 | Locomotion(-0.21) | Empty | 2.24 | -1.50 | 120.0 | 11
  0.683 | cek | 6.11 | 1.00 | 0.00 | 5.7 | 0 | Locomotion(-0.24) | Empty | 2.24 | -1.50 | 120.0 | 11
  0.701 | cek | 6.39 | 1.00 | 0.00 | 5.7 | 0 | Locomotion(-0.27) | Empty | 2.24 | -1.50 | 120.0 | 11 | VURUŞ@boss5,03m
  0.717 | cek | 6.64 | 1.00 | 0.00 | 5.7 | 0 | Locomotion(-0.31) | Empty | 2.24 | -1.50 | 120.0 | 11
  0.733 | cek | 6.88 | 1.00 | 0.00 | 5.7 | 0 | Locomotion(-0.34) | Empty | 2.24 | -1.50 | 120.0 | 11
  0.750 | cek | 7.09 | 1.00 | 0.00 | 5.7 | 0 | Locomotion(-0.37) | Empty | 2.24 | -1.50 | 120.0 | 11
  0.767 | cek | 7.29 | 1.00 | 0.00 | 5.7 | 0 | Locomotion(-0.41) | Empty | 2.24 | -1.50 | 120.0 | 11
  0.783 | cek | 7.46 | 1.00 | 0.00 | 5.7 | 0 | Locomotion(-0.44) | Empty | 2.24 | -1.50 | 120.0 | 11
  0.800 | cek | 7.61 | 1.00 | 0.00 | 5.7 | 0 | Locomotion(-0.48) | Empty | 2.24 | -1.50 | 120.0 | 11
  0.817 | cek | 7.72 | 1.00 | 0.00 | 5.7 | 0 | Locomotion(-0.51) | Empty | 2.24 | -1.50 | 120.0 | 11
  0.833 | cek | 7.81 | 1.00 | 0.00 | 5.7 | 0 | Locomotion(-0.55) | Empty | 2.24 | -1.50 | 120.0 | 11
  0.850 | - | 7.85 | 1.00 | 0.00 | 2.3 | 0 | Locomotion(-0.57) | Empty | 2.24 | -1.22 | 120.0 | 11
  0.867 | - | 7.85 | 1.00 | 0.00 | 0.0 | 0 | Locomotion(-0.59) | Empty | 1.85 | -0.84 | 120.0 | 11
  0.884 | - | 7.85 | 1.00 | 0.00 | 0.0 | 0 | Locomotion(-0.60) | Empty | 1.53 | -0.52 | 120.0 | 11
  0.900 | - | 7.85 | 1.00 | 0.00 | 0.0 | 0 | Locomotion(-0.60) | Empty | 1.26 | -0.26 | 120.0 | 11
  0.917 | - | 7.85 | 1.00 | 0.00 | 0.0 | 0 | Locomotion(-0.60) | Empty | 1.05 | -0.04 | 120.0 | 11
  0.934 | - | 7.85 | 1.00 | 0.00 | 0.0 | 0 | Locomotion(-0.60) | Empty | 0.87 | 0.14 | 120.0 | 11
  0.950 | - | 7.85 | 1.00 | 0.00 | 0.0 | 0 | Locomotion(-0.60) | Empty | 0.72 | 0.28 | 120.0 | 11
  0.967 | - | 7.85 | 1.00 | 0.00 | 0.0 | 0 | Locomotion(-0.59) | Empty | 0.60 | 0.41 | 120.0 | 11
  0.983 | - | 7.85 | 1.00 | 0.00 | 0.0 | 0 | Locomotion(-0.59) | Empty | 0.49 | 0.51 | 120.0 | 11
  1.002 | - | 7.85 | 1.00 | 0.00 | 0.0 | 0 | Locomotion(-0.58) | Empty | 0.40 | 0.60 | 120.0 | 11
  1.017 | - | 7.85 | 1.00 | 0.00 | 0.0 | 0 | Locomotion(-0.57) | Empty | 0.34 | 0.66 | 120.0 | 11
  1.034 | - | 7.85 | 1.00 | 0.00 | 0.0 | 0 | Locomotion(-0.57) | Empty | 0.28 | 0.72 | 120.0 | 11
  1.050 | - | 7.85 | 1.00 | 0.00 | 0.0 | 0 | Locomotion(-0.56) | Empty | 0.23 | 0.77 | 120.0 | 11
  1.067 | - | 7.85 | 1.00 | 0.00 | 0.0 | 0 | Locomotion(-0.55) | Empty | 0.19 | 0.81 | 120.0 | 11
  1.084 | - | 7.85 | 1.00 | 0.00 | 0.0 | 0 | Locomotion(-0.54) | Empty | 0.16 | 0.84 | 120.0 | 11
  1.100 | - | 7.85 | 1.00 | 0.00 | 0.0 | 0 | Locomotion(-0.54) | Empty | 0.13 | 0.87 | 120.0 | 11
  1.117 | - | 7.85 | 1.00 | 0.00 | 0.0 | 0 | Locomotion(-0.53) | Empty | 0.11 | 0.89 | 120.0 | 11
  1.134 | - | 7.85 | 1.00 | 0.00 | 0.0 | 0 | Locomotion(-0.52) | Empty | 0.09 | 0.91 | 120.0 | 11
  1.149 | - | 7.85 | 1.00 | 0.00 | 0.0 | 0 | Locomotion(-0.51) | Empty | 0.07 | 0.93 | 120.0 | 11
  1.167 | - | 7.85 | 1.00 | 0.00 | 0.0 | 0 | Locomotion(-0.50) | Empty | 0.06 | 0.94 | 120.0 | 11
  1.184 | - | 7.85 | 1.00 | 0.00 | 0.0 | 0 | Locomotion(-0.49) | Empty | 0.05 | 0.95 | 120.0 | 11
  1.200 | - | 7.85 | 1.00 | 0.00 | 0.0 | 0 | Locomotion(-0.48) | Empty | 0.04 | 0.96 | 120.0 | 11
  1.217 | - | 7.85 | 1.00 | 0.00 | 0.0 | 0 | Locomotion(-0.47) | Empty | 0.03 | 0.97 | 120.0 | 11
  1.233 | - | 7.85 | 1.00 | 0.00 | 0.0 | 0 | Locomotion(-0.47) | Empty | 0.03 | 0.97 | 120.0 | 11
  1.250 | - | 7.85 | 1.00 | 0.00 | 0.0 | 0 | Locomotion(-0.46) | Empty | 0.02 | 0.98 | 120.0 | 11
  1.267 | - | 7.85 | 1.00 | 0.00 | 0.0 | 0 | Locomotion(-0.45) | Empty | 0.02 | 0.98 | 120.0 | 11
  1.283 | - | 7.85 | 1.00 | 0.00 | 0.0 | 0 | Locomotion(-0.44) | Empty | 0.02 | 0.98 | 120.0 | 11
  1.301 | - | 7.85 | 1.00 | 0.00 | 0.0 | 0 | Locomotion(-0.43) | Empty | 0.01 | 0.99 | 120.0 | 11

=== kontrol 12-2 Emici Zaman [Kılıç] başlangıç 3,0 m, kalıp ceken_girdap, boss r=0,93, oyuncu r=0,50, temas 1,43
  sonuç: GEÇTİ isabet=True konum=yerinde→yerinde gövde=True tek=True hata=True süre=True sıçrama_yok=True hasar=0,0 etki=[boss:Slow, oyuncu:Haste, boss hız x0,70, oyuncu hız x1,30] bacak=[]
  not: vuruş 3: 1,09s@boss0,00m/oyuncu6,63m 1,59s@boss0,00m/oyuncu6,63m 1,64s@boss0,00m/oyuncu6,63m
  not: kalıp sonu: merkeze 6,63 m, başlangıçtan 0,00 m, kalıp simülasyonundan 0,00 m, boss 3,63 m kaydı
  log: LOG [Motion] 12-2 → Çeken girdap
  log: LOG [Mechanic] 12-2/Kılıç: Zaman çalma · Girdap — kılıç yayı → silindir 4m, önünde yay (içine çeker, uyumsuz silah). Etkiler: tempo→düşman 0.7 1sn; tempo→sen 1.3 1sn [aktarim]; mermi_sil→düşman mermisi [yut]
  log: LOG [Mechanic] kendine 12-2/Kılıç: Haste 1sn
  t | faz | merkez_m | taraf(+ön/-arka) | yan_m | hız_mps | yaw | taban_state(norm) | üst_state | Speed | Playback | bossHP | oyuncuHP
  0.016 | - | 3.00 | 1.00 | 0.00 | 0.0 | 0 | Locomotion(-0.21) | Empty | 0.00 | 1.00 | 120.0 | 11
  0.033 | - | 3.00 | 1.00 | 0.00 | 0.0 | 0 | Locomotion(-0.20) | Empty | 0.00 | 1.00 | 120.0 | 11
  0.050 | - | 3.00 | 1.00 | 0.00 | 0.0 | 0 | Locomotion(-0.19) | Empty | 0.00 | 1.00 | 120.0 | 11
  0.067 | - | 3.00 | 1.00 | 0.00 | 0.0 | 0 | Locomotion(-0.18) | Empty | 0.00 | 1.00 | 120.0 | 11
  0.083 | - | 3.00 | 1.00 | 0.00 | 0.0 | 0 | Locomotion(-0.18) | Empty | 0.00 | 1.00 | 120.0 | 11
  0.100 | - | 3.00 | 1.00 | 0.00 | 0.0 | 0 | Locomotion(-0.17) | Empty | 0.00 | 1.00 | 120.0 | 11
  0.116 | - | 3.00 | 1.00 | 0.00 | 0.0 | 0 | Locomotion(-0.16) | Empty | 0.00 | 1.00 | 120.0 | 11
  0.133 | - | 3.00 | 1.00 | 0.00 | 0.0 | 0 | Locomotion(-0.15) | Empty | 0.00 | 1.00 | 120.0 | 11
  0.150 | - | 3.00 | 1.00 | 0.00 | 0.0 | 0 | Locomotion(-0.14) | Empty | 0.00 | 1.00 | 120.0 | 11
  0.166 | - | 3.00 | 1.00 | 0.00 | 0.0 | 0 | Locomotion(-0.13) | Empty | 0.00 | 1.00 | 120.0 | 11
  0.183 | - | 3.00 | 1.00 | 0.00 | 0.0 | 0 | Locomotion(-0.12) | Empty | 0.00 | 1.00 | 120.0 | 11
  0.200 | - | 3.00 | 1.00 | 0.00 | 0.0 | 0 | Locomotion(-0.11) | Empty | 0.00 | 1.00 | 120.0 | 11
  0.216 | - | 3.00 | 1.00 | 0.00 | 0.0 | 0 | Locomotion(-0.10) | Empty | 0.00 | 1.00 | 120.0 | 11
  0.233 | - | 3.00 | 1.00 | 0.00 | 0.0 | 0 | Locomotion(-0.09) | Empty | 0.00 | 1.00 | 120.0 | 11
  0.250 | - | 3.00 | 1.00 | 0.00 | 0.0 | 0 | Locomotion(-0.08) | Empty | 0.00 | 1.00 | 120.0 | 11
  0.267 | - | 3.00 | 1.00 | 0.00 | 0.0 | 0 | Locomotion(-0.08) | Empty | 0.00 | 1.00 | 120.0 | 11
  0.284 | - | 3.00 | 1.00 | 0.00 | 0.0 | 0 | Locomotion(-0.07) | Empty | 0.00 | 1.00 | 120.0 | 11
  0.300 | - | 3.00 | 1.00 | 0.00 | 0.0 | 0 | Locomotion(-0.06) | Empty | 0.00 | 1.00 | 120.0 | 11
  0.316 | - | 3.00 | 1.00 | 0.00 | 0.0 | 0 | Locomotion(-0.05) | Empty | 0.00 | 1.00 | 120.0 | 11
  0.333 | - | 3.00 | 1.00 | 0.00 | 0.0 | 0 | Locomotion(-0.04) | Empty | 0.00 | 1.00 | 120.0 | 11
  0.349 | - | 3.00 | 1.00 | 0.00 | 0.0 | 0 | Locomotion(-0.03) | Empty | 0.00 | 1.00 | 120.0 | 11
  0.367 | - | 3.00 | 1.00 | 0.00 | 0.0 | 0 | Locomotion(-0.02) | Empty | 0.00 | 1.00 | 120.0 | 11
  0.384 | - | 3.00 | 1.00 | 0.00 | 0.0 | 0 | Locomotion(-0.01) | Empty | 0.00 | 1.00 | 120.0 | 11
  0.400 | - | 3.00 | 1.00 | 0.00 | 0.0 | 0 | Locomotion(0.00) | Empty | 0.00 | 1.00 | 120.0 | 11
  0.416 | ac | 3.00 | 1.00 | 0.00 | 0.0 | 0 | Locomotion(0.01) | Empty | 0.00 | 1.00 | 120.0 | 11
  0.433 | ac | 3.02 | 1.00 | 0.00 | 0.0 | 0 | Locomotion(0.02) | Empty | 0.00 | 1.00 | 120.0 | 11
  0.450 | ac | 3.07 | 1.00 | 0.00 | 0.0 | 0 | Locomotion(0.02) | Empty | 0.00 | 1.00 | 120.0 | 11
  0.467 | ac | 3.16 | 1.00 | 0.00 | 0.0 | 0 | CastShoot(0.06) | Empty | 0.00 | 1.00 | 120.0 | 11
  0.483 | ac | 3.27 | 1.00 | 0.00 | 0.0 | 0 | CastShoot(0.08) | Empty | 0.00 | 1.00 | 120.0 | 11
  0.500 | ac | 3.41 | 1.00 | 0.00 | 0.0 | 0 | CastShoot(0.10) | Empty | 0.00 | 1.00 | 120.0 | 11
  0.517 | ac | 3.57 | 1.00 | 0.00 | 0.0 | 0 | CastShoot(0.12) | Empty | 0.00 | 1.00 | 120.0 | 11
  0.533 | ac | 3.75 | 1.00 | 0.00 | 0.0 | 0 | CastShoot(0.14) | Empty | 0.00 | 1.00 | 120.0 | 11
  0.550 | ac | 3.94 | 1.00 | 0.00 | 0.0 | 0 | CastShoot(0.16) | Empty | 0.00 | 1.00 | 120.0 | 11
  0.567 | ac | 4.15 | 1.00 | 0.00 | 0.0 | 0 | CastShoot(0.18) | Empty | 0.00 | 1.00 | 120.0 | 11
  0.583 | cek | 4.37 | 1.00 | 0.00 | 0.0 | 0 | CastShoot(0.20) | Empty | 0.00 | 1.00 | 120.0 | 11
  0.600 | cek | 4.60 | 1.00 | 0.00 | 0.0 | 0 | CastShoot(0.22) | Empty | 0.00 | 1.00 | 120.0 | 11
  0.616 | cek | 4.82 | 1.00 | 0.00 | 0.0 | 0 | CastShoot(0.24) | Empty | 0.00 | 1.00 | 120.0 | 11
  0.633 | cek | 5.05 | 1.00 | 0.00 | 0.0 | 0 | CastChannel(0.05) | Empty | 0.00 | 1.00 | 120.0 | 11
  0.650 | cek | 5.27 | 1.00 | 0.00 | 0.0 | 0 | CastChannel(0.07) | Empty | 0.00 | 1.00 | 120.0 | 11
  0.666 | cek | 5.48 | 1.00 | 0.00 | 0.0 | 0 | CastChannel(0.08) | Empty | 0.00 | 1.00 | 120.0 | 11
  0.683 | cek | 5.69 | 1.00 | 0.00 | 0.0 | 0 | CastChannel(0.10) | Empty | 0.00 | 1.00 | 120.0 | 11
  0.700 | cek | 5.89 | 1.00 | 0.00 | 0.0 | 0 | CastChannel(0.12) | Empty | 0.00 | 1.00 | 120.0 | 11
  0.716 | cek | 6.07 | 1.00 | 0.00 | 0.0 | 0 | CastChannel(0.13) | Empty | 0.00 | 1.00 | 120.0 | 11
  0.734 | cek | 6.23 | 1.00 | 0.00 | 0.0 | 0 | CastChannel(0.15) | Empty | 0.00 | 1.00 | 120.0 | 11
  0.750 | cek | 6.37 | 1.00 | 0.00 | 0.0 | 0 | CastChannel(0.17) | Empty | 0.00 | 1.00 | 120.0 | 11
  0.766 | cek | 6.48 | 1.00 | 0.00 | 0.0 | 0 | CastChannel(0.18) | Empty | 0.00 | 1.00 | 120.0 | 11
  0.784 | cek | 6.57 | 1.00 | 0.00 | 0.0 | 0 | CastChannel(0.20) | Empty | 0.00 | 1.00 | 120.0 | 11
  0.801 | cek | 6.62 | 1.00 | 0.00 | 0.0 | 0 | CastChannel(0.22) | Empty | 0.00 | 1.00 | 120.0 | 11
  0.817 | cek | 6.63 | 1.00 | 0.00 | 0.0 | 0 | CastChannel(0.23) | Empty | 0.00 | 1.00 | 120.0 | 11
  0.833 | cek | 6.63 | 1.00 | 0.00 | 0.0 | 0 | CastChannel(0.25) | Empty | 0.00 | 1.00 | 120.0 | 11
  0.851 | cek | 6.63 | 1.00 | 0.00 | 0.0 | 0 | CastChannel(0.27) | Empty | 0.00 | 1.00 | 120.0 | 11
  0.867 | cek | 6.63 | 1.00 | 0.00 | 0.0 | 0 | CastChannel(0.28) | Empty | 0.00 | 1.00 | 120.0 | 11
  0.883 | cek | 6.63 | 1.00 | 0.00 | 0.0 | 0 | CastChannel(0.30) | Empty | 0.00 | 1.00 | 120.0 | 11
  0.901 | cek | 6.63 | 1.00 | 0.00 | 0.0 | 0 | CastChannel(0.32) | Empty | 0.00 | 1.00 | 120.0 | 11
  0.917 | cek | 6.63 | 1.00 | 0.00 | 0.0 | 0 | CastChannel(0.33) | Empty | 0.00 | 1.00 | 120.0 | 11
  0.953 | cek | 6.63 | 1.00 | 0.00 | 0.0 | 0 | CastChannel(0.37) | Empty | 0.00 | 1.00 | 120.0 | 11
  0.957 | cek | 6.63 | 1.00 | 0.00 | 0.0 | 0 | CastChannel(0.37) | Empty | 0.00 | 1.00 | 120.0 | 11
  0.975 | cek | 6.63 | 1.00 | 0.00 | 0.0 | 0 | CastChannel(0.39) | Empty | 0.00 | 1.00 | 120.0 | 11
  0.992 | cek | 6.63 | 1.00 | 0.00 | 0.0 | 0 | CastChannel(0.41) | Empty | 0.00 | 1.00 | 120.0 | 11
  1.008 | cek | 6.63 | 1.00 | 0.00 | 0.0 | 0 | CastChannel(0.42) | Empty | 0.00 | 1.00 | 120.0 | 11
  1.025 | cek | 6.63 | 1.00 | 0.00 | 0.0 | 0 | CastChannel(0.44) | Empty | 0.00 | 1.00 | 120.0 | 11
  1.041 | cek | 6.63 | 1.00 | 0.00 | 0.0 | 0 | CastChannel(0.46) | Empty | 0.00 | 1.00 | 120.0 | 11
  1.058 | cek | 6.63 | 1.00 | 0.00 | 0.0 | 0 | CastChannel(0.48) | Empty | 0.00 | 1.00 | 120.0 | 11
  1.074 | cek | 6.63 | 1.00 | 0.00 | 0.0 | 0 | CastChannel(0.49) | Empty | 0.00 | 1.00 | 120.0 | 11
  1.091 | cek | 6.63 | 1.00 | 0.00 | 0.0 | 0 | CastChannel(0.51) | Empty | 0.00 | 1.00 | 120.0 | 11 | VURUŞ@boss0,00m
  1.108 | cek | 6.63 | 1.00 | 0.00 | 0.0 | 0 | CastChannel(0.52) | Empty | 0.00 | 1.00 | 120.0 | 11
  1.125 | cek | 6.63 | 1.00 | 0.00 | 0.0 | 0 | CastChannel(0.54) | Empty | 0.00 | 1.00 | 120.0 | 11
  1.141 | cek | 6.63 | 1.00 | 0.00 | 0.0 | 0 | CastChannel(0.56) | Empty | 0.00 | 1.00 | 120.0 | 11
  1.158 | cek | 6.63 | 1.00 | 0.00 | 0.0 | 0 | CastChannel(0.57) | Empty | 0.00 | 1.00 | 120.0 | 11
  1.175 | cek | 6.63 | 1.00 | 0.00 | 0.0 | 0 | CastChannel(0.59) | Empty | 0.00 | 1.00 | 120.0 | 11
  1.192 | cek | 6.63 | 1.00 | 0.00 | 0.0 | 0 | CastChannel(0.61) | Empty | 0.00 | 1.00 | 120.0 | 11
  1.208 | cek | 6.63 | 1.00 | 0.00 | 0.0 | 0 | CastChannel(0.62) | Empty | 0.00 | 1.00 | 120.0 | 11
  1.224 | cek | 6.63 | 1.00 | 0.00 | 0.0 | 0 | CastChannel(0.64) | Empty | 0.00 | 1.00 | 120.0 | 11
  1.242 | cek | 6.63 | 1.00 | 0.00 | 0.0 | 0 | CastChannel(0.66) | Empty | 0.00 | 1.00 | 120.0 | 11
  1.258 | cek | 6.63 | 1.00 | 0.00 | 0.0 | 0 | CastChannel(0.68) | Empty | 0.00 | 1.00 | 120.0 | 11
  1.276 | cek | 6.63 | 1.00 | 0.00 | 0.0 | 0 | CastChannel(0.69) | Empty | 0.00 | 1.00 | 120.0 | 11
  1.291 | cek | 6.63 | 1.00 | 0.00 | 0.0 | 0 | CastChannel(0.71) | Empty | 0.00 | 1.00 | 120.0 | 11
  1.308 | cek | 6.63 | 1.00 | 0.00 | 0.0 | 0 | CastChannel(0.72) | Empty | 0.00 | 1.00 | 120.0 | 11
  1.324 | cek | 6.63 | 1.00 | 0.00 | 0.0 | 0 | CastChannel(0.74) | Empty | 0.00 | 1.00 | 120.0 | 11
  1.342 | cek | 6.63 | 1.00 | 0.00 | 0.0 | 0 | CastChannel(0.76) | Empty | 0.00 | 1.00 | 120.0 | 11
  1.358 | cek | 6.63 | 1.00 | 0.00 | 0.0 | 0 | CastChannel(0.77) | Empty | 0.00 | 1.00 | 120.0 | 11
  1.374 | cek | 6.63 | 1.00 | 0.00 | 0.0 | 0 | CastChannel(0.79) | Empty | 0.00 | 1.00 | 120.0 | 11
  1.391 | cek | 6.63 | 1.00 | 0.00 | 0.0 | 0 | CastChannel(0.81) | Empty | 0.00 | 1.00 | 120.0 | 11
  1.408 | cek | 6.63 | 1.00 | 0.00 | 0.0 | 0 | CastChannel(0.82) | Empty | 0.00 | 1.00 | 120.0 | 11
  1.427 | cek | 6.63 | 1.00 | 0.00 | 0.0 | 0 | CastChannel(0.84) | Empty | 0.00 | 1.00 | 120.0 | 11
  1.441 | cek | 6.63 | 1.00 | 0.00 | 0.0 | 0 | CastChannel(0.86) | Empty | 0.00 | 1.00 | 120.0 | 11
  1.458 | cek | 6.63 | 1.00 | 0.00 | 0.0 | 0 | CastChannel(0.87) | Empty | 0.00 | 1.00 | 120.0 | 11
  1.475 | cek | 6.63 | 1.00 | 0.00 | 0.0 | 0 | CastChannel(0.89) | Empty | 0.00 | 1.00 | 120.0 | 11
  1.491 | cek | 6.63 | 1.00 | 0.00 | 0.0 | 0 | CastChannel(0.91) | Empty | 0.00 | 1.00 | 120.0 | 11
  1.508 | cek | 6.63 | 1.00 | 0.00 | 0.0 | 0 | Locomotion(0.07) | Empty | 0.00 | 1.00 | 120.0 | 11
  1.525 | cek | 6.63 | 1.00 | 0.00 | 0.0 | 0 | Locomotion(0.08) | Empty | 0.00 | 1.00 | 120.0 | 11
  1.542 | cek | 6.63 | 1.00 | 0.00 | 0.0 | 0 | Locomotion(0.09) | Empty | 0.00 | 1.00 | 120.0 | 11
  1.558 | cek | 6.63 | 1.00 | 0.00 | 0.0 | 0 | Locomotion(0.10) | Empty | 0.00 | 1.00 | 120.0 | 11
  1.575 | cek | 6.63 | 1.00 | 0.00 | 0.0 | 0 | Locomotion(0.10) | Empty | 0.00 | 1.00 | 120.0 | 11
  1.591 | pat | 6.63 | 1.00 | 0.00 | 0.0 | 0 | Locomotion(0.11) | Empty | 0.00 | 1.00 | 120.0 | 11 | VURUŞ@boss0,00m
  1.608 | pat | 6.63 | 1.00 | 0.00 | 0.0 | 0 | Locomotion(0.12) | Empty | 0.00 | 1.00 | 120.0 | 11
  1.625 | pat | 6.63 | 1.00 | 0.00 | 0.0 | 0 | Locomotion(0.13) | Empty | 0.00 | 1.00 | 120.0 | 11
  1.641 | pat | 6.63 | 1.00 | 0.00 | 0.0 | 0 | Locomotion(0.14) | Empty | 0.00 | 1.00 | 120.0 | 11 | VURUŞ@boss0,00m
  1.658 | pat | 6.63 | 1.00 | 0.00 | 0.0 | 0 | Locomotion(0.15) | Empty | 0.00 | 1.00 | 120.0 | 11
  1.675 | pat | 6.63 | 1.00 | 0.00 | 0.0 | 0 | Locomotion(0.16) | Empty | 0.00 | 1.00 | 120.0 | 11
  1.691 | pat | 6.63 | 1.00 | 0.00 | 0.0 | 0 | Locomotion(0.17) | Empty | 0.00 | 1.00 | 120.0 | 11
  1.708 | pat | 6.63 | 1.00 | 0.00 | 0.0 | 0 | Locomotion(0.18) | Empty | 0.00 | 1.00 | 120.0 | 11
  1.725 | - | 6.63 | 1.00 | 0.00 | 0.0 | 0 | Locomotion(0.19) | Empty | 0.00 | 1.00 | 120.0 | 11
  1.741 | - | 6.63 | 1.00 | 0.00 | 0.0 | 0 | Locomotion(0.20) | Empty | 0.00 | 1.00 | 120.0 | 11
  1.758 | - | 6.63 | 1.00 | 0.00 | 0.0 | 0 | Locomotion(0.20) | Empty | 0.00 | 1.00 | 120.0 | 11
  1.775 | - | 6.63 | 1.00 | 0.00 | 0.0 | 0 | Locomotion(0.21) | Empty | 0.00 | 1.00 | 120.0 | 11
  1.792 | - | 6.63 | 1.00 | 0.00 | 0.0 | 0 | Locomotion(0.22) | Empty | 0.00 | 1.00 | 120.0 | 11
  1.808 | - | 6.63 | 1.00 | 0.00 | 0.0 | 0 | Locomotion(0.23) | Empty | 0.00 | 1.00 | 120.0 | 11
  1.825 | - | 6.63 | 1.00 | 0.00 | 0.0 | 0 | Locomotion(0.24) | Empty | 0.00 | 1.00 | 120.0 | 11
  1.841 | - | 6.63 | 1.00 | 0.00 | 0.0 | 0 | Locomotion(0.25) | Empty | 0.00 | 1.00 | 120.0 | 11
  1.858 | - | 6.63 | 1.00 | 0.00 | 0.0 | 0 | Locomotion(0.26) | Empty | 0.00 | 1.00 | 120.0 | 11
  1.875 | - | 6.63 | 1.00 | 0.00 | 0.0 | 0 | Locomotion(0.27) | Empty | 0.00 | 1.00 | 120.0 | 11
  1.891 | - | 6.63 | 1.00 | 0.00 | 0.0 | 0 | Locomotion(0.28) | Empty | 0.00 | 1.00 | 120.0 | 11
  1.908 | - | 6.63 | 1.00 | 0.00 | 0.0 | 0 | Locomotion(0.29) | Empty | 0.00 | 1.00 | 120.0 | 11
  1.925 | - | 6.63 | 1.00 | 0.00 | 0.0 | 0 | Locomotion(0.30) | Empty | 0.00 | 1.00 | 120.0 | 11
  1.941 | - | 6.63 | 1.00 | 0.00 | 0.0 | 0 | Locomotion(0.30) | Empty | 0.00 | 1.00 | 120.0 | 11
  1.958 | - | 6.63 | 1.00 | 0.00 | 0.0 | 0 | Locomotion(0.31) | Empty | 0.00 | 1.00 | 120.0 | 11
  1.975 | - | 6.63 | 1.00 | 0.00 | 0.0 | 0 | Locomotion(0.32) | Empty | 0.00 | 1.00 | 120.0 | 11
  1.991 | - | 6.63 | 1.00 | 0.00 | 0.0 | 0 | Locomotion(0.33) | Empty | 0.00 | 1.00 | 120.0 | 11
  2.008 | - | 6.63 | 1.00 | 0.00 | 0.0 | 0 | Locomotion(0.34) | Empty | 0.00 | 1.00 | 120.0 | 11
  2.024 | - | 6.63 | 1.00 | 0.00 | 0.0 | 0 | Locomotion(0.35) | Empty | 0.00 | 1.00 | 120.0 | 11
  2.042 | - | 6.63 | 1.00 | 0.00 | 0.0 | 0 | Locomotion(0.36) | Empty | 0.00 | 1.00 | 120.0 | 11
  2.058 | - | 6.63 | 1.00 | 0.00 | 0.0 | 0 | Locomotion(0.37) | Empty | 0.00 | 1.00 | 120.0 | 11
  2.075 | - | 6.63 | 1.00 | 0.00 | 0.0 | 0 | Locomotion(0.38) | Empty | 0.00 | 1.00 | 120.0 | 11
  2.091 | - | 6.63 | 1.00 | 0.00 | 0.0 | 0 | Locomotion(0.39) | Empty | 0.00 | 1.00 | 120.0 | 11
  2.108 | - | 6.63 | 1.00 | 0.00 | 0.0 | 0 | Locomotion(0.40) | Empty | 0.00 | 1.00 | 120.0 | 11
  2.125 | - | 6.63 | 1.00 | 0.00 | 0.0 | 0 | Locomotion(0.40) | Empty | 0.00 | 1.00 | 120.0 | 11
  2.141 | - | 6.63 | 1.00 | 0.00 | 0.0 | 0 | Locomotion(0.41) | Empty | 0.00 | 1.00 | 120.0 | 11
  2.158 | - | 6.63 | 1.00 | 0.00 | 0.0 | 0 | Locomotion(0.42) | Empty | 0.00 | 1.00 | 120.0 | 11
  2.175 | - | 6.63 | 1.00 | 0.00 | 0.0 | 0 | Locomotion(0.43) | Empty | 0.00 | 1.00 | 120.0 | 11
  2.191 | - | 6.63 | 1.00 | 0.00 | 0.0 | 0 | Locomotion(0.44) | Empty | 0.00 | 1.00 | 120.0 | 11

