# Play taraması kontrol — 7/9 geçti (Kılıç: 3/5, Asa: 4/4)
6-2 Emici Bağ [Kılıç] KALDI: sıçrama — vuruş 1: 0,70s@boss0,47m/oyuncu1,36m; kalıp sonu: merkeze 2,95 m, başlangıçtan 1,60 m, kalıp simülasyonundan 0,00 m, boss 1,65 m kaydı; tek karede 0,67 m sıçrama (t=0,82, faz cek)
3-2 Emici Adım [Kılıç] KALDI: konum(arka→yerinde) — hasarsız skill (base_damage 0): etki hareketin kendisi; vuruş 1: 0,52s@boss1,02m/oyuncu1,36m; kalıp sonu: merkeze 1,90 m, başlangıçtan 0,00 m, kalıp simülasyonundan 5,50 m, boss 1,10 m kaydı

=== kontrol 1-2 Emici Vuruş [Kılıç] başlangıç 3,0 m, kalıp kan_ceken_pence, boss r=0,70, oyuncu r=0,50, temas 1,20
  sonuç: GEÇTİ isabet=True konum=ön→ön gövde=True tek=True hata=True süre=True sıçrama_yok=True hasar=38,0 etki=[oyuncu +11 can] bacak=[1/21 kare koşu, ayak/gövde hız oranı 1,00]
  not: vuruş 3: 0,43s@boss1,41m/oyuncu1,02m 0,55s@boss0,77m/oyuncu1,02m 0,68s@boss0,40m/oyuncu1,02m
  not: kalıp sonu: merkeze 1,35 m, başlangıçtan 1,65 m, kalıp simülasyonundan 0,00 m
  log: LOG [Motion] 1-2 → Kan çeken pençe
  log: LOG [Mechanic] 1-2/Kılıç: Girdap — kılıç yayı → kapsül 1.8m, önünde yay (içine çeker). Etkiler: can→düşman -38; can→sen 11.4 [aktarim]; mermi_sil→düşman mermisi [yut]
  t | faz | merkez_m | taraf(+ön/-arka) | yan_m | hız_mps | yaw | taban_state(norm) | üst_state | Speed | Playback | bossHP | oyuncuHP
  0.017 | - | 3.00 | 1.00 | 0.00 | 0.0 | 0 | Locomotion(40.94) | Empty | 0.00 | 1.00 | 117.1 | 11
  0.034 | - | 3.00 | 1.00 | 0.00 | 0.0 | 0 | Locomotion(40.95) | Empty | 0.00 | 1.00 | 117.1 | 11
  0.050 | - | 3.00 | 1.00 | 0.00 | 0.0 | 0 | Locomotion(40.96) | Empty | 0.00 | 1.00 | 117.1 | 11
  0.067 | - | 3.00 | 1.00 | 0.00 | 0.0 | 0 | CastPierce(0.06) | Empty | 0.00 | 1.00 | 117.1 | 11
  0.084 | - | 3.00 | 1.00 | 0.00 | 0.0 | 0 | CastPierce(0.08) | Empty | 0.00 | 1.00 | 117.1 | 11
  0.100 | - | 3.00 | 1.00 | 0.00 | 0.0 | 0 | CastPierce(0.10) | Empty | 0.00 | 1.00 | 117.1 | 11
  0.117 | - | 3.00 | 1.00 | 0.00 | 0.0 | 0 | CastPierce(0.12) | Empty | 0.00 | 1.00 | 117.1 | 11
  0.134 | - | 3.00 | 1.00 | 0.00 | 0.0 | 0 | CastPierce(0.14) | Empty | 0.00 | 1.00 | 117.1 | 11
  0.150 | - | 3.00 | 1.00 | 0.00 | 0.0 | 0 | CastPierce(0.16) | Empty | 0.00 | 1.00 | 117.1 | 11
  0.166 | - | 3.00 | 1.00 | 0.00 | 0.0 | 0 | CastPierce(0.18) | Empty | 0.00 | 1.00 | 117.1 | 11
  0.184 | - | 3.00 | 1.00 | 0.00 | 0.0 | 0 | CastPierce(0.20) | Empty | 0.00 | 1.00 | 117.1 | 11
  0.201 | - | 3.00 | 1.00 | 0.00 | 0.0 | 0 | CastPierce(0.22) | Empty | 0.00 | 1.00 | 117.1 | 11
  0.218 | - | 3.00 | 1.00 | 0.00 | 0.0 | 0 | CastPierce(0.24) | Empty | 0.00 | 1.00 | 117.1 | 11
  0.235 | - | 3.00 | 1.00 | 0.00 | 0.0 | 0 | CastPierce(0.26) | Empty | 0.00 | 1.00 | 117.1 | 11
  0.250 | - | 3.00 | 1.00 | 0.00 | 0.0 | 0 | CastPierce(0.28) | Empty | 0.00 | 1.00 | 117.1 | 11
  0.267 | - | 3.00 | 1.00 | 0.00 | 0.0 | 0 | CastPierce(0.30) | Empty | 0.00 | 1.00 | 117.1 | 11
  0.284 | - | 3.00 | 1.00 | 0.00 | 0.0 | 0 | CastPierce(0.32) | Empty | 0.00 | 1.00 | 117.1 | 11
  0.301 | - | 3.00 | 1.00 | 0.00 | 0.0 | 0 | CastPierce(0.34) | Empty | 0.00 | 1.00 | 117.1 | 11
  0.316 | - | 3.00 | 1.00 | 0.00 | 0.0 | 0 | CastPierce(0.36) | Empty | 0.00 | 1.00 | 117.1 | 11
  0.334 | - | 3.00 | 1.00 | 0.00 | 0.0 | 0 | CastPierce(0.38) | Empty | 0.00 | 1.00 | 117.1 | 11
  0.376 | pence_1 | 2.76 | 1.00 | 0.00 | 5.8 | 0 | CastPierce(0.05) | Empty | 0.00 | 1.00 | 117.1 | 11
  0.381 | pence_1 | 2.73 | 1.00 | 0.00 | 5.8 | 0 | CastPierce(0.06) | Empty | 0.00 | 1.00 | 117.1 | 11
  0.399 | pence_1 | 2.62 | 1.00 | 0.00 | 5.8 | 0 | BasicStrike(0.04) | Empty | 0.00 | 1.00 | 117.1 | 11
  0.415 | pence_1 | 2.53 | 1.00 | 0.00 | 5.8 | 0 | BasicStrike(0.07) | Empty | 0.00 | 1.00 | 117.1 | 11
  0.432 | pence_1 | 2.43 | 1.00 | 0.00 | 5.8 | 0 | BasicStrike(0.09) | Empty | 0.00 | 1.00 | 104.1 | 15 | VURUŞ@boss1,41m
  0.432 | pence_1 | 2.43 | 1.00 | 0.00 | 0.0 | 0 | BasicStrike(0.12) | Empty | 0.00 | 1.00 | 104.1 | 15
  0.432 | pence_1 | 2.43 | 1.00 | 0.00 | 0.0 | 0 | BasicStrike(0.15) | Empty | 0.00 | 1.00 | 104.1 | 15
  0.432 | pence_1 | 2.43 | 1.00 | 0.00 | 0.0 | 0 | BasicStrike(0.18) | Empty | 0.00 | 1.00 | 104.1 | 15
  0.432 | pence_1 | 2.43 | 1.00 | 0.00 | 0.0 | 0 | BasicStrike(0.20) | Empty | 0.00 | 1.00 | 104.1 | 15
  0.432 | pence_1 | 2.43 | 1.00 | 0.00 | 0.0 | 0 | BasicStrike(0.23) | Empty | 0.00 | 1.00 | 104.1 | 15
  0.449 | pence_1 | 2.33 | 1.00 | 0.00 | 5.8 | 0 | BasicStrike(0.26) | Empty | 0.00 | 1.00 | 104.1 | 15
  0.466 | pence_2 | 2.24 | 1.00 | 0.00 | 5.5 | 0 | BasicStrike(0.29) | Empty | 0.00 | 1.00 | 104.1 | 15
  0.481 | pence_2 | 2.15 | 1.00 | 0.00 | 5.4 | 0 | BasicStrike(0.32) | Empty | 0.00 | 1.00 | 104.1 | 15
  0.498 | pence_2 | 2.06 | 1.00 | 0.00 | 5.4 | 0 | BasicStrike(0.34) | Empty | 0.00 | 1.00 | 104.1 | 15
  0.515 | pence_2 | 1.97 | 1.00 | 0.00 | 5.4 | 0 | BasicStrike(0.37) | Empty | 0.00 | 1.00 | 104.1 | 15
  0.532 | pence_2 | 1.88 | 1.00 | 0.00 | 5.4 | 0 | BasicStrike(0.40) | Empty | 0.00 | 1.00 | 104.1 | 15
  0.548 | pence_2 | 1.79 | 1.00 | 0.00 | 5.4 | 0 | BasicStrike(0.43) | Empty | 0.00 | 1.00 | 91.6 | 19 | VURUŞ@boss0,77m
  0.548 | pence_2 | 1.79 | 1.00 | 0.00 | 0.0 | 0 | BasicStrike(0.45) | Empty | 0.00 | 1.00 | 91.6 | 19
  0.548 | pence_2 | 1.79 | 1.00 | 0.00 | 0.0 | 0 | BasicStrike(0.48) | Empty | 0.00 | 1.00 | 91.6 | 19
  0.548 | pence_2 | 1.79 | 1.00 | 0.00 | 0.0 | 0 | BasicStrike(0.51) | Empty | 0.00 | 1.00 | 91.6 | 19
  0.548 | pence_2 | 1.79 | 1.00 | 0.00 | 0.0 | 0 | BasicStrike(0.54) | Empty | 0.00 | 1.00 | 91.6 | 19
  0.548 | pence_2 | 1.79 | 1.00 | 0.00 | 0.0 | 0 | BasicStrike(0.57) | Empty | 0.00 | 1.00 | 91.6 | 19
  0.565 | pence_2 | 1.70 | 1.00 | 0.00 | 5.4 | 0 | BasicStrike(0.59) | Empty | 0.00 | 1.00 | 91.6 | 19
  0.582 | pence_3 | 1.63 | 1.00 | 0.00 | 4.0 | 0 | BasicStrike(0.62) | Empty | 2.24 | 2.00 | 91.6 | 19
  0.598 | pence_3 | 1.60 | 1.00 | 0.00 | 2.2 | 0 | BasicStrike(0.65) | Empty | 2.24 | 1.16 | 91.6 | 19
  0.615 | pence_3 | 1.56 | 1.00 | 0.00 | 2.2 | 0 | BasicStrike(0.68) | Empty | 2.24 | 1.16 | 91.6 | 19
  0.631 | pence_3 | 1.53 | 1.00 | 0.00 | 2.2 | 0 | BasicStrike(0.70) | Empty | 2.24 | 1.16 | 91.6 | 19
  0.648 | pence_3 | 1.49 | 1.00 | 0.00 | 2.2 | 0 | BasicStrike(0.73) | Empty | 2.24 | 1.16 | 91.6 | 19
  0.665 | pence_3 | 1.45 | 1.00 | 0.00 | 2.2 | 0 | BasicStrike(0.76) | Empty | 2.24 | 1.16 | 91.6 | 19
  0.683 | pence_3 | 1.42 | 1.00 | 0.00 | 2.2 | 0 | BasicStrike(0.79) | Empty | 2.24 | 1.16 | 79.1 | 22 | VURUŞ@boss0,40m
  0.683 | pence_3 | 1.42 | 1.00 | 0.00 | 0.0 | 0 | BasicStrike(0.82) | Empty | 2.24 | 1.16 | 79.1 | 22
  0.683 | pence_3 | 1.42 | 1.00 | 0.00 | 0.0 | 0 | BasicStrike(0.84) | Empty | 2.24 | 1.16 | 79.1 | 22
  0.683 | pence_3 | 1.42 | 1.00 | 0.00 | 0.0 | 0 | BasicStrike(0.87) | Empty | 2.24 | 1.16 | 79.1 | 22
  0.683 | pence_3 | 1.42 | 1.00 | 0.00 | 0.0 | 0 | BasicStrike(0.90) | Empty | 2.24 | 1.16 | 79.1 | 22
  0.683 | pence_3 | 1.42 | 1.00 | 0.00 | 0.0 | 0 | Locomotion(0.14) | Empty | 2.24 | 1.16 | 79.1 | 22
  0.700 | pence_3 | 1.38 | 1.00 | 0.00 | 2.2 | 0 | Locomotion(0.17) | Empty | 2.24 | 1.16 | 79.1 | 22
  0.716 | - | 1.35 | 1.00 | 0.00 | 2.0 | 0 | Locomotion(0.19) | Empty | 2.24 | 1.05 | 79.1 | 22
  0.733 | - | 1.35 | 1.00 | 0.00 | 0.0 | 0 | Locomotion(0.21) | Empty | 1.85 | 1.04 | 79.1 | 22
  0.750 | - | 1.35 | 1.00 | 0.00 | 0.0 | 0 | Locomotion(0.23) | Empty | 1.53 | 1.03 | 79.1 | 22
  0.766 | - | 1.35 | 1.00 | 0.00 | 0.0 | 0 | Locomotion(0.24) | Empty | 1.27 | 1.03 | 79.1 | 22
  0.783 | - | 1.35 | 1.00 | 0.00 | 0.0 | 0 | Locomotion(0.25) | Empty | 1.05 | 1.02 | 79.1 | 22
  0.800 | - | 1.35 | 1.00 | 0.00 | 0.0 | 0 | Locomotion(0.26) | Empty | 0.87 | 1.02 | 79.1 | 22
  0.816 | - | 1.35 | 1.00 | 0.00 | 0.0 | 0 | Locomotion(0.28) | Empty | 0.72 | 1.02 | 79.1 | 22
  0.833 | - | 1.35 | 1.00 | 0.00 | 0.0 | 0 | Locomotion(0.29) | Empty | 0.59 | 1.01 | 79.1 | 22
  0.850 | - | 1.35 | 1.00 | 0.00 | 0.0 | 0 | Locomotion(0.30) | Empty | 0.49 | 1.01 | 79.1 | 22
  0.866 | - | 1.35 | 1.00 | 0.00 | 0.0 | 0 | Locomotion(0.31) | Empty | 0.41 | 1.01 | 79.1 | 22
  0.883 | - | 1.35 | 1.00 | 0.00 | 0.0 | 0 | Locomotion(0.32) | Empty | 0.34 | 1.01 | 79.1 | 22
  0.900 | - | 1.35 | 1.00 | 0.00 | 0.0 | 0 | Locomotion(0.33) | Empty | 0.28 | 1.01 | 79.1 | 22
  0.916 | - | 1.35 | 1.00 | 0.00 | 0.0 | 0 | Locomotion(0.34) | Empty | 0.23 | 1.00 | 79.1 | 22
  0.933 | - | 1.35 | 1.00 | 0.00 | 0.0 | 0 | Locomotion(0.35) | Empty | 0.19 | 1.00 | 79.1 | 22
  0.950 | - | 1.35 | 1.00 | 0.00 | 0.0 | 0 | Locomotion(0.36) | Empty | 0.16 | 1.00 | 79.1 | 22
  0.966 | - | 1.35 | 1.00 | 0.00 | 0.0 | 0 | Locomotion(0.37) | Empty | 0.13 | 1.00 | 79.1 | 22
  0.983 | - | 1.35 | 1.00 | 0.00 | 0.0 | 0 | Locomotion(0.38) | Empty | 0.11 | 1.00 | 79.1 | 22
  1.000 | - | 1.35 | 1.00 | 0.00 | 0.0 | 0 | Locomotion(0.39) | Empty | 0.09 | 1.00 | 79.1 | 22
  1.016 | - | 1.35 | 1.00 | 0.00 | 0.0 | 0 | Locomotion(0.39) | Empty | 0.07 | 1.00 | 79.1 | 22
  1.033 | - | 1.35 | 1.00 | 0.00 | 0.0 | 0 | Locomotion(0.40) | Empty | 0.06 | 1.00 | 79.1 | 22
  1.050 | - | 1.35 | 1.00 | 0.00 | 0.0 | 0 | Locomotion(0.41) | Empty | 0.05 | 1.00 | 79.1 | 22
  1.067 | - | 1.35 | 1.00 | 0.00 | 0.0 | 0 | Locomotion(0.42) | Empty | 0.04 | 1.00 | 79.1 | 22
  1.083 | - | 1.35 | 1.00 | 0.00 | 0.0 | 0 | Locomotion(0.43) | Empty | 0.03 | 1.00 | 79.1 | 22
  1.100 | - | 1.35 | 1.00 | 0.00 | 0.0 | 0 | Locomotion(0.44) | Empty | 0.03 | 1.00 | 79.1 | 22
  1.116 | - | 1.35 | 1.00 | 0.00 | 0.0 | 0 | Locomotion(0.45) | Empty | 0.02 | 1.00 | 79.1 | 22
  1.133 | - | 1.35 | 1.00 | 0.00 | 0.0 | 0 | Locomotion(0.46) | Empty | 0.02 | 1.00 | 79.1 | 22
  1.149 | - | 1.35 | 1.00 | 0.00 | 0.0 | 0 | Locomotion(0.47) | Empty | 0.02 | 1.00 | 79.1 | 22
  1.166 | - | 1.35 | 1.00 | 0.00 | 0.0 | 0 | Locomotion(0.48) | Empty | 0.01 | 1.00 | 79.1 | 22
  1.183 | - | 1.35 | 1.00 | 0.00 | 0.0 | 0 | Locomotion(0.49) | Empty | 0.01 | 1.00 | 79.1 | 22
  1.199 | - | 1.35 | 1.00 | 0.00 | 0.0 | 0 | Locomotion(0.50) | Empty | 0.01 | 1.00 | 79.1 | 22
  1.216 | - | 1.35 | 1.00 | 0.00 | 0.0 | 0 | Locomotion(0.50) | Empty | 0.01 | 1.00 | 79.1 | 22
  1.233 | - | 1.35 | 1.00 | 0.00 | 0.0 | 0 | Locomotion(0.51) | Empty | 0.01 | 1.00 | 79.1 | 22
  1.250 | - | 1.35 | 1.00 | 0.00 | 0.0 | 0 | Locomotion(0.52) | Empty | 0.01 | 1.00 | 79.1 | 22

=== kontrol 4-2 Emici Kalkan [Kılıç] başlangıç 3,0 m, kalıp kalkan_calma, boss r=0,70, oyuncu r=0,50, temas 1,20
  sonuç: GEÇTİ isabet=True konum=ön→ön gövde=True tek=True hata=True süre=True sıçrama_yok=True hasar=38,0 etki=[] bacak=[0/11 kare koşu]
  not: vuruş 1: 0,53s@boss0,72m/oyuncu1,28m
  not: kalıp sonu: merkeze 1,50 m, başlangıçtan 1,50 m, kalıp simülasyonundan 0,00 m
  log: LOG [Motion] 4-2 → Kalkan çalma
  log: LOG [Mechanic] 4-2/Kılıç: Girdap · Emme/çalma — kılıç yayı → küre 1.5m, önünde yay (katı, içine çeker, uyumsuz silah). Etkiler: can→düşman -38 [emme]; kalkan→sen 38 [aktarim]; mermi_sil→düşman mermisi [yut]
  t | faz | merkez_m | taraf(+ön/-arka) | yan_m | hız_mps | yaw | taban_state(norm) | üst_state | Speed | Playback | bossHP | oyuncuHP
  0.017 | - | 3.00 | 1.00 | 0.00 | 0.0 | 225 | Locomotion(0.74) | Empty | 0.00 | 1.00 | 79.1 | 11
  0.033 | - | 3.00 | 1.00 | 0.00 | 0.0 | 225 | Locomotion(0.75) | Empty | 0.00 | 1.00 | 79.1 | 11
  0.050 | - | 3.00 | 1.00 | 0.00 | 0.0 | 225 | Locomotion(0.76) | Empty | 0.00 | 1.00 | 79.1 | 11
  0.067 | - | 3.00 | 1.00 | 0.00 | 0.0 | 225 | CastGuard(0.07) | Empty | 0.00 | 1.00 | 79.1 | 11
  0.083 | - | 3.00 | 1.00 | 0.00 | 0.0 | 225 | CastGuard(0.10) | Empty | 0.00 | 1.00 | 79.1 | 11
  0.100 | - | 3.00 | 1.00 | 0.00 | 0.0 | 225 | CastGuard(0.12) | Empty | 0.00 | 1.00 | 79.1 | 11
  0.117 | - | 3.00 | 1.00 | 0.00 | 0.0 | 225 | CastGuard(0.15) | Empty | 0.00 | 1.00 | 79.1 | 11
  0.133 | - | 3.00 | 1.00 | 0.00 | 0.0 | 225 | CastGuard(0.17) | Empty | 0.00 | 1.00 | 79.1 | 11
  0.150 | - | 3.00 | 1.00 | 0.00 | 0.0 | 225 | CastGuard(0.20) | Empty | 0.00 | 1.00 | 79.1 | 11
  0.166 | - | 3.00 | 1.00 | 0.00 | 0.0 | 225 | CastGuard(0.22) | Empty | 0.00 | 1.00 | 79.1 | 11
  0.183 | - | 3.00 | 1.00 | 0.00 | 0.0 | 225 | CastGuard(0.25) | Empty | 0.00 | 1.00 | 79.1 | 11
  0.200 | - | 3.00 | 1.00 | 0.00 | 0.0 | 225 | CastGuard(0.27) | Empty | 0.00 | 1.00 | 79.1 | 11
  0.216 | - | 3.00 | 1.00 | 0.00 | 0.0 | 225 | CastGuard(0.30) | Empty | 0.00 | 1.00 | 79.1 | 11
  0.233 | - | 3.00 | 1.00 | 0.00 | 0.0 | 225 | CastGuard(0.32) | Empty | 0.00 | 1.00 | 79.1 | 11
  0.250 | - | 3.00 | 1.00 | 0.00 | 0.0 | 225 | CastGuard(0.35) | Empty | 0.00 | 1.00 | 79.1 | 11
  0.267 | - | 3.00 | 1.00 | 0.00 | 0.0 | 225 | CastGuard(0.37) | Empty | 0.00 | 1.00 | 79.1 | 11
  0.283 | - | 3.00 | 1.00 | 0.00 | 0.0 | 225 | CastGuard(0.40) | Empty | 0.00 | 1.00 | 79.1 | 11
  0.300 | - | 3.00 | 1.00 | 0.00 | 0.0 | 225 | CastGuard(0.42) | Empty | 0.00 | 1.00 | 79.1 | 11
  0.317 | - | 3.00 | 1.00 | 0.00 | 0.0 | 225 | CastGuard(0.45) | Empty | 0.00 | 1.00 | 79.1 | 11
  0.333 | - | 3.00 | 1.00 | 0.00 | 0.0 | 225 | CastGuard(0.47) | Empty | 0.00 | 1.00 | 79.1 | 11
  0.349 | - | 3.00 | 1.00 | 0.00 | 0.0 | 225 | CastGuard(0.50) | Empty | 0.00 | 1.00 | 79.1 | 11
  0.366 | - | 3.00 | 1.00 | 0.00 | 0.0 | 225 | CastGuard(0.52) | Empty | 0.00 | 1.00 | 79.1 | 11
  0.383 | - | 3.00 | 1.00 | 0.00 | 0.0 | 225 | CastGuard(0.55) | Empty | 0.00 | 1.00 | 79.1 | 11
  0.399 | - | 3.00 | 1.00 | 0.00 | 0.0 | 225 | CastGuard(0.57) | Empty | 0.00 | 1.00 | 79.1 | 11
  0.417 | vur | 2.87 | 1.00 | 0.00 | 7.5 | 0 | CastGuard(0.03) | Empty | 0.00 | 1.00 | 79.1 | 11
  0.433 | vur | 2.75 | 1.00 | 0.00 | 7.5 | 0 | CastGuard(0.05) | Empty | 0.00 | 1.00 | 79.1 | 11
  0.450 | vur | 2.62 | 1.00 | 0.00 | 7.5 | 0 | CastGuard(0.08) | Empty | 0.00 | 1.00 | 79.1 | 11
  0.466 | vur | 2.50 | 1.00 | 0.00 | 7.5 | 0 | BasicStrike(0.08) | Empty | 0.00 | 1.00 | 79.1 | 11
  0.483 | vur | 2.37 | 1.00 | 0.00 | 7.5 | 0 | BasicStrike(0.11) | Empty | 0.00 | 1.00 | 79.1 | 11
  0.500 | vur | 2.25 | 1.00 | 0.00 | 7.5 | 0 | BasicStrike(0.14) | Empty | 0.00 | 1.00 | 79.1 | 11
  0.516 | vur | 2.12 | 1.00 | 0.00 | 7.5 | 0 | BasicStrike(0.17) | Empty | 0.00 | 1.00 | 79.1 | 11
  0.533 | vur | 2.00 | 1.00 | 0.00 | 7.5 | 0 | BasicStrike(0.19) | Empty | 0.00 | 1.00 | 41.1 | 11 | VURUŞ@boss0,72m
  0.550 | vur | 1.87 | 1.00 | 0.00 | 7.5 | 0 | BasicStrike(0.22) | Empty | 0.00 | 1.00 | 41.1 | 11
  0.566 | vur | 1.75 | 1.00 | 0.00 | 7.5 | 0 | BasicStrike(0.25) | Empty | 0.00 | 1.00 | 41.1 | 11
  0.583 | vur | 1.62 | 1.00 | 0.00 | 7.5 | 0 | BasicStrike(0.28) | Empty | 0.00 | 1.00 | 41.1 | 11
  0.600 | - | 1.50 | 1.00 | 0.00 | 7.4 | 0 | BasicStrike(0.31) | Empty | 0.00 | 1.00 | 41.1 | 11
  0.616 | - | 1.50 | 1.00 | 0.00 | 0.0 | 348 | BasicStrike(0.33) | Empty | 0.00 | 1.00 | 41.1 | 11
  0.633 | - | 1.50 | 1.00 | 0.00 | 0.0 | 336 | BasicStrike(0.36) | Empty | 0.00 | 1.00 | 41.1 | 11
  0.650 | - | 1.50 | 1.00 | 0.00 | 0.0 | 324 | BasicStrike(0.39) | Empty | 0.00 | 1.00 | 41.1 | 11
  0.666 | - | 1.50 | 1.00 | 0.00 | 0.0 | 312 | BasicStrike(0.42) | Empty | 0.00 | 1.00 | 41.1 | 11
  0.683 | - | 1.50 | 1.00 | 0.00 | 0.0 | 300 | BasicStrike(0.44) | Empty | 0.00 | 1.00 | 41.1 | 11
  0.699 | - | 1.50 | 1.00 | 0.00 | 0.0 | 288 | BasicStrike(0.47) | Empty | 0.00 | 1.00 | 41.1 | 11
  0.716 | - | 1.50 | 1.00 | 0.00 | 0.0 | 276 | BasicStrike(0.50) | Empty | 0.00 | 1.00 | 41.1 | 11
  0.733 | - | 1.50 | 1.00 | 0.00 | 0.0 | 264 | BasicStrike(0.53) | Empty | 0.00 | 1.00 | 41.1 | 11
  0.750 | - | 1.50 | 1.00 | 0.00 | 0.0 | 252 | BasicStrike(0.56) | Empty | 0.00 | 1.00 | 41.1 | 11
  0.767 | - | 1.50 | 1.00 | 0.00 | 0.0 | 240 | BasicStrike(0.58) | Empty | 0.00 | 1.00 | 41.1 | 11
  0.783 | - | 1.50 | 1.00 | 0.00 | 0.0 | 228 | BasicStrike(0.61) | Empty | 0.00 | 1.00 | 41.1 | 11
  0.800 | - | 1.50 | 1.00 | 0.00 | 0.0 | 216 | BasicStrike(0.64) | Empty | 0.00 | 1.00 | 41.1 | 11
  0.817 | - | 1.50 | 1.00 | 0.00 | 0.0 | 214 | BasicStrike(0.67) | Empty | 0.00 | 1.00 | 41.1 | 11
  0.833 | - | 1.50 | 1.00 | 0.00 | 0.0 | 214 | BasicStrike(0.69) | Empty | 0.00 | 1.00 | 41.1 | 11
  0.850 | - | 1.50 | 1.00 | 0.00 | 0.0 | 214 | BasicStrike(0.72) | Empty | 0.00 | 1.00 | 41.1 | 11
  0.867 | - | 1.50 | 1.00 | 0.00 | 0.0 | 214 | BasicStrike(0.75) | Empty | 0.00 | 1.00 | 41.1 | 11
  0.883 | - | 1.50 | 1.00 | 0.00 | 0.0 | 214 | BasicStrike(0.78) | Empty | 0.00 | 1.00 | 41.1 | 11
  0.900 | - | 1.50 | 1.00 | 0.00 | 0.0 | 214 | BasicStrike(0.80) | Empty | 0.00 | 1.00 | 41.1 | 11
  0.917 | - | 1.50 | 1.00 | 0.00 | 0.0 | 214 | BasicStrike(0.83) | Empty | 0.00 | 1.00 | 41.1 | 11
  0.933 | - | 1.50 | 1.00 | 0.00 | 0.0 | 214 | BasicStrike(0.86) | Empty | 0.00 | 1.00 | 41.1 | 11
  0.950 | - | 1.50 | 1.00 | 0.00 | 0.0 | 214 | BasicStrike(0.89) | Empty | 0.00 | 1.00 | 41.1 | 11
  0.967 | - | 1.50 | 1.00 | 0.00 | 0.0 | 214 | Locomotion(0.04) | Empty | 0.00 | 1.00 | 41.1 | 11
  0.983 | - | 1.50 | 1.00 | 0.00 | 0.0 | 226 | Locomotion(0.05) | Empty | 0.00 | 1.00 | 41.1 | 11
  1.000 | - | 1.50 | 1.00 | 0.00 | 0.0 | 238 | Locomotion(0.06) | Empty | 0.00 | 1.00 | 41.1 | 11
  1.016 | - | 1.50 | 1.00 | 0.00 | 0.0 | 250 | Locomotion(0.07) | Empty | 0.00 | 1.00 | 41.1 | 11
  1.033 | - | 1.50 | 1.00 | 0.00 | 0.0 | 262 | Locomotion(0.08) | Empty | 0.00 | 1.00 | 41.1 | 11
  1.050 | - | 1.50 | 1.00 | 0.00 | 0.0 | 274 | Locomotion(0.09) | Empty | 0.00 | 1.00 | 41.1 | 11
  1.066 | - | 1.50 | 1.00 | 0.00 | 0.0 | 286 | Locomotion(0.10) | Empty | 0.00 | 1.00 | 41.1 | 11

=== kontrol 6-2 Emici Bağ [Kılıç] başlangıç 3,0 m, kalıp bossu_cek, boss r=0,70, oyuncu r=0,50, temas 1,20
  sonuç: KALDI isabet=True konum=geri→geri gövde=True tek=True hata=True süre=True sıçrama_yok=False hasar=6,1 etki=[boss:Root, boss hız x0,00, oyuncu +2 can] bacak=[0/2 kare koşu]
  not: vuruş 1: 0,70s@boss0,47m/oyuncu1,36m
  not: kalıp sonu: merkeze 2,95 m, başlangıçtan 1,60 m, kalıp simülasyonundan 0,00 m, boss 1,65 m kaydı
  not: tek karede 0,67 m sıçrama (t=0,82, faz cek)
  log: LOG [Motion] 6-2 → Boss'u kendine çekme
  log: LOG [Mechanic] 6-2/Kılıç: Hedefi sana çekme · Girdap — kılıç yayı → koni 4m, önünde yay (içine çeker, uyumsuz silah). Etkiler: hareket→düşman 1.5sn; can→düşman -6.08; cek→düşman [sana_dogru]; can→sen 1.82 [aktarim]; mermi_sil→düşman mermisi [yut]
  log: LOG [Mechanic] isabet 6-2/Kılıç: Root 1,5sn, çekme
  t | faz | merkez_m | taraf(+ön/-arka) | yan_m | hız_mps | yaw | taban_state(norm) | üst_state | Speed | Playback | bossHP | oyuncuHP
  0.017 | - | 3.00 | 1.00 | 0.00 | 0.0 | 0 | Locomotion(0.32) | Empty | 0.00 | 1.00 | 120.0 | 11
  0.033 | - | 3.00 | 1.00 | 0.00 | 0.0 | 0 | Locomotion(0.33) | Empty | 0.00 | 1.00 | 120.0 | 11
  0.049 | - | 3.00 | 1.00 | 0.00 | 0.0 | 0 | Locomotion(0.34) | Empty | 0.00 | 1.00 | 120.0 | 11
  0.066 | - | 3.00 | 1.00 | 0.00 | 0.0 | 0 | CastChannel(0.05) | Empty | 0.00 | 1.00 | 120.0 | 11
  0.083 | - | 3.00 | 1.00 | 0.00 | 0.0 | 0 | CastChannel(0.07) | Empty | 0.00 | 1.00 | 120.0 | 11
  0.100 | - | 3.00 | 1.00 | 0.00 | 0.0 | 0 | CastChannel(0.08) | Empty | 0.00 | 1.00 | 120.0 | 11
  0.117 | - | 3.00 | 1.00 | 0.00 | 0.0 | 0 | CastChannel(0.10) | Empty | 0.00 | 1.00 | 120.0 | 11
  0.134 | - | 3.00 | 1.00 | 0.00 | 0.0 | 0 | CastChannel(0.12) | Empty | 0.00 | 1.00 | 120.0 | 11
  0.150 | - | 3.00 | 1.00 | 0.00 | 0.0 | 0 | CastChannel(0.13) | Empty | 0.00 | 1.00 | 120.0 | 11
  0.167 | - | 3.00 | 1.00 | 0.00 | 0.0 | 0 | CastChannel(0.15) | Empty | 0.00 | 1.00 | 120.0 | 11
  0.184 | - | 3.00 | 1.00 | 0.00 | 0.0 | 0 | CastChannel(0.17) | Empty | 0.00 | 1.00 | 120.0 | 11
  0.200 | - | 3.00 | 1.00 | 0.00 | 0.0 | 0 | CastChannel(0.18) | Empty | 0.00 | 1.00 | 120.0 | 11
  0.217 | - | 3.00 | 1.00 | 0.00 | 0.0 | 0 | CastChannel(0.20) | Empty | 0.00 | 1.00 | 120.0 | 11
  0.233 | - | 3.00 | 1.00 | 0.00 | 0.0 | 0 | CastChannel(0.22) | Empty | 0.00 | 1.00 | 120.0 | 11
  0.250 | - | 3.00 | 1.00 | 0.00 | 0.0 | 0 | CastChannel(0.23) | Empty | 0.00 | 1.00 | 120.0 | 11
  0.266 | - | 3.00 | 1.00 | 0.00 | 0.0 | 0 | CastChannel(0.25) | Empty | 0.00 | 1.00 | 120.0 | 11
  0.284 | - | 3.00 | 1.00 | 0.00 | 0.0 | 0 | CastChannel(0.27) | Empty | 0.00 | 1.00 | 120.0 | 11
  0.300 | - | 3.00 | 1.00 | 0.00 | 0.0 | 0 | CastChannel(0.28) | Empty | 0.00 | 1.00 | 120.0 | 11
  0.317 | - | 3.00 | 1.00 | 0.00 | 0.0 | 0 | CastChannel(0.30) | Empty | 0.00 | 1.00 | 120.0 | 11
  0.333 | - | 3.00 | 1.00 | 0.00 | 0.0 | 0 | CastChannel(0.32) | Empty | 0.00 | 1.00 | 120.0 | 11
  0.350 | - | 3.00 | 1.00 | 0.00 | 0.0 | 0 | CastChannel(0.33) | Empty | 0.00 | 1.00 | 120.0 | 11
  0.366 | - | 3.00 | 1.00 | 0.00 | 0.0 | 0 | CastChannel(0.35) | Empty | 0.00 | 1.00 | 120.0 | 11
  0.383 | - | 3.00 | 1.00 | 0.00 | 0.0 | 0 | CastChannel(0.37) | Empty | 0.00 | 1.00 | 120.0 | 11
  0.400 | - | 3.00 | 1.00 | 0.00 | 0.0 | 0 | CastChannel(0.38) | Empty | 0.00 | 1.00 | 120.0 | 11
  0.416 | at | 3.00 | 1.00 | 0.00 | 0.0 | 0 | CastChannel(0.40) | Empty | 0.00 | 1.00 | 120.0 | 11
  0.433 | at | 2.93 | 1.00 | 0.00 | 0.0 | 0 | CastChannel(0.42) | Empty | 0.00 | 1.00 | 120.0 | 11
  0.450 | at | 2.86 | 1.00 | 0.00 | 0.0 | 0 | CastChannel(0.43) | Empty | 0.00 | 1.00 | 120.0 | 11
  0.467 | at | 2.79 | 1.00 | 0.00 | 0.0 | 0 | CastShoot(0.06) | Empty | 0.00 | 1.00 | 120.0 | 11
  0.483 | at | 2.72 | 1.00 | 0.00 | 0.0 | 0 | CastShoot(0.08) | Empty | 0.00 | 1.00 | 120.0 | 11
  0.500 | at | 2.65 | 1.00 | 0.00 | 0.0 | 0 | CastShoot(0.10) | Empty | 0.00 | 1.00 | 120.0 | 11
  0.517 | at | 2.59 | 1.00 | 0.00 | 0.0 | 0 | CastShoot(0.12) | Empty | 0.00 | 1.00 | 120.0 | 11
  0.533 | at | 2.52 | 1.00 | 0.00 | 0.0 | 0 | CastShoot(0.14) | Empty | 0.00 | 1.00 | 120.0 | 11
  0.550 | at | 2.45 | 1.00 | 0.00 | 0.0 | 0 | CastShoot(0.16) | Empty | 0.00 | 1.00 | 120.0 | 11
  0.567 | cek | 2.38 | 1.00 | 0.00 | 0.0 | 0 | CastShoot(0.18) | Empty | 0.00 | 1.00 | 120.0 | 11
  0.583 | cek | 2.31 | 1.00 | 0.00 | 0.0 | 0 | CastShoot(0.20) | Empty | 0.00 | 1.00 | 120.0 | 11
  0.600 | cek | 2.24 | 1.00 | 0.00 | 0.0 | 0 | CastShoot(0.22) | Empty | 0.00 | 1.00 | 120.0 | 11
  0.617 | cek | 2.17 | 1.00 | 0.00 | 0.0 | 0 | Locomotion(0.03) | Empty | 0.00 | 1.00 | 120.0 | 11
  0.633 | cek | 2.11 | 1.00 | 0.00 | 0.0 | 0 | Locomotion(0.04) | Empty | 0.00 | 1.00 | 120.0 | 11
  0.650 | cek | 2.04 | 1.00 | 0.00 | 0.0 | 0 | Locomotion(0.05) | Empty | 0.00 | 1.00 | 120.0 | 11
  0.666 | cek | 1.97 | 1.00 | 0.00 | 0.0 | 0 | Locomotion(0.05) | Empty | 0.00 | 1.00 | 120.0 | 11
  0.683 | cek | 1.90 | 1.00 | 0.00 | 0.0 | 0 | Locomotion(0.06) | Empty | 0.00 | 1.00 | 120.0 | 11
  0.700 | cek | 1.83 | 1.00 | 0.00 | 0.0 | 0 | Locomotion(0.07) | Empty | 0.00 | 1.00 | 113.9 | 13 | VURUŞ@boss0,47m
  0.700 | cek | 1.83 | 1.00 | 0.00 | 0.0 | 0 | Locomotion(0.08) | Empty | 0.00 | 1.00 | 113.9 | 13
  0.700 | cek | 1.83 | 1.00 | 0.00 | 0.0 | 0 | Locomotion(0.09) | Empty | 0.00 | 1.00 | 113.9 | 13
  0.700 | cek | 1.83 | 1.00 | 0.00 | 0.0 | 0 | Locomotion(0.10) | Empty | 0.00 | 1.00 | 113.9 | 13
  0.700 | cek | 1.83 | 1.00 | 0.00 | 0.0 | 0 | Locomotion(0.11) | Empty | 0.00 | 1.00 | 113.9 | 13
  0.700 | cek | 1.83 | 1.00 | 0.00 | 0.0 | 0 | Locomotion(0.12) | Empty | 0.00 | 1.00 | 113.9 | 13
  0.717 | cek | 1.76 | 1.00 | 0.00 | 0.0 | 0 | Locomotion(0.13) | Empty | 0.00 | 1.00 | 113.9 | 13
  0.733 | cek | 1.69 | 1.00 | 0.00 | 0.0 | 0 | Locomotion(0.14) | Empty | 0.00 | 1.00 | 113.9 | 13
  0.750 | cek | 1.62 | 1.00 | 0.00 | 0.0 | 0 | Locomotion(0.15) | Empty | 0.00 | 1.00 | 113.9 | 13
  0.767 | cek | 1.55 | 1.00 | 0.00 | 0.0 | 0 | Locomotion(0.15) | Empty | 0.00 | 1.00 | 113.9 | 13
  0.783 | cek | 1.49 | 1.00 | 0.00 | 0.0 | 0 | Locomotion(0.16) | Empty | 0.00 | 1.00 | 113.9 | 13
  0.800 | cek | 1.42 | 1.00 | 0.00 | 0.0 | 0 | Locomotion(0.17) | Empty | 0.00 | 1.00 | 113.9 | 13
  0.817 | cek | 2.02 | 1.00 | 0.00 | 40.3 | 0 | Locomotion(0.18) | Empty | 0.00 | 1.00 | 113.9 | 13
  0.833 | cek | 2.69 | 1.00 | 0.00 | 40.3 | 0 | Locomotion(0.19) | Empty | 0.00 | 1.00 | 113.9 | 13
  0.850 | - | 2.95 | 1.00 | 0.00 | 15.6 | 0 | Locomotion(0.20) | Empty | 0.00 | 1.00 | 113.9 | 13
  0.867 | - | 2.95 | 1.00 | 0.00 | 0.0 | 0 | CastPierce(0.06) | Empty | 0.00 | 1.00 | 113.9 | 13
  0.883 | - | 2.95 | 1.00 | 0.00 | 0.0 | 0 | CastPierce(0.08) | Empty | 0.00 | 1.00 | 113.9 | 13
  0.900 | - | 2.95 | 1.00 | 0.00 | 0.0 | 0 | CastPierce(0.10) | Empty | 0.00 | 1.00 | 113.9 | 13
  0.916 | - | 2.95 | 1.00 | 0.00 | 0.0 | 0 | CastPierce(0.12) | Empty | 0.00 | 1.00 | 113.9 | 13
  0.933 | - | 2.95 | 1.00 | 0.00 | 0.0 | 0 | CastPierce(0.14) | Empty | 0.00 | 1.00 | 113.9 | 13
  0.954 | - | 2.95 | 1.00 | 0.00 | 0.0 | 0 | CastPierce(0.16) | Empty | 0.00 | 1.00 | 113.9 | 13
  0.967 | - | 2.95 | 1.00 | 0.00 | 0.0 | 0 | CastPierce(0.18) | Empty | 0.00 | 1.00 | 113.9 | 13
  0.984 | - | 2.95 | 1.00 | 0.00 | 0.0 | 0 | CastPierce(0.20) | Empty | 0.00 | 1.00 | 113.9 | 13
  0.999 | - | 2.95 | 1.00 | 0.00 | 0.0 | 0 | CastPierce(0.22) | Empty | 0.00 | 1.00 | 113.9 | 13
  1.017 | - | 2.95 | 1.00 | 0.00 | 0.0 | 0 | CastPierce(0.24) | Empty | 0.00 | 1.00 | 113.9 | 13
  1.033 | - | 2.95 | 1.00 | 0.00 | 0.0 | 0 | CastPierce(0.26) | Empty | 0.00 | 1.00 | 113.9 | 13
  1.051 | - | 2.95 | 1.00 | 0.00 | 0.0 | 0 | CastPierce(0.28) | Empty | 0.00 | 1.00 | 113.9 | 13
  1.066 | - | 2.95 | 1.00 | 0.00 | 0.0 | 0 | CastPierce(0.30) | Empty | 0.00 | 1.00 | 113.9 | 13
  1.084 | - | 2.95 | 1.00 | 0.00 | 0.0 | 0 | CastPierce(0.32) | Empty | 0.00 | 1.00 | 113.9 | 13
  1.101 | - | 2.95 | 1.00 | 0.00 | 0.0 | 0 | CastPierce(0.34) | Empty | 0.00 | 1.00 | 113.9 | 13
  1.130 | - | 2.95 | 1.00 | 0.00 | 0.0 | 0 | CastPierce(0.38) | Empty | 0.00 | 1.00 | 113.9 | 13
  1.142 | - | 2.95 | 1.00 | 0.00 | 0.0 | 0 | CastPierce(0.39) | Empty | 0.00 | 1.00 | 113.9 | 13
  1.159 | - | 2.95 | 1.00 | 0.00 | 0.0 | 0 | CastPierce(0.41) | Empty | 0.00 | 1.00 | 113.9 | 13
  1.175 | - | 2.95 | 1.00 | 0.00 | 0.0 | 0 | CastPierce(0.43) | Empty | 0.00 | 1.00 | 113.9 | 13
  1.192 | - | 2.95 | 1.00 | 0.00 | 0.0 | 0 | CastPierce(0.45) | Empty | 0.00 | 1.00 | 113.9 | 13
  1.209 | - | 2.95 | 1.00 | 0.00 | 0.0 | 0 | CastPierce(0.47) | Empty | 0.00 | 1.00 | 113.9 | 13
  1.225 | - | 2.95 | 1.00 | 0.00 | 0.0 | 0 | CastPierce(0.49) | Empty | 0.00 | 1.00 | 113.9 | 13
  1.242 | - | 2.95 | 1.00 | 0.00 | 0.0 | 0 | CastPierce(0.51) | Empty | 0.00 | 1.00 | 113.9 | 13
  1.259 | - | 2.95 | 1.00 | 0.00 | 0.0 | 0 | CastPierce(0.53) | Empty | 0.00 | 1.00 | 113.9 | 13
  1.275 | - | 2.95 | 1.00 | 0.00 | 0.0 | 0 | CastPierce(0.55) | Empty | 0.00 | 1.00 | 113.9 | 13
  1.292 | - | 2.95 | 1.00 | 0.00 | 0.0 | 0 | CastPierce(0.57) | Empty | 0.00 | 1.00 | 113.9 | 13
  1.308 | - | 2.95 | 1.00 | 0.00 | 0.0 | 0 | CastPierce(0.59) | Empty | 0.00 | 1.00 | 113.9 | 13

=== kontrol 3-2 Emici Adım [Kılıç] başlangıç 3,0 m, kalıp icinden_emme, boss r=0,70, oyuncu r=0,50, temas 1,20
  sonuç: KALDI isabet=True konum=arka→yerinde gövde=True tek=True hata=True süre=True sıçrama_yok=True hasar=0,0 etki=[] bacak=[]
  not: hasarsız skill (base_damage 0): etki hareketin kendisi
  not: vuruş 1: 0,52s@boss1,02m/oyuncu1,36m
  not: kalıp sonu: merkeze 1,90 m, başlangıçtan 0,00 m, kalıp simülasyonundan 5,50 m, boss 1,10 m kaydı
  log: LOG [Motion] 3-2 → İçinden geçip emme
  log: LOG [Mechanic] 3-2/Kılıç: Hedefi sana çekme · Girdap — kılıç yayı → çizgi 3.6m, sende (içine çeker). Etkiler: cek→düşman 3 [sana_dogru,yol:yay_kayma]; mermi_sil→düşman mermisi [yut]
  log: LOG [Mechanic] isabet 3-2/Kılıç: çekme
  t | faz | merkez_m | taraf(+ön/-arka) | yan_m | hız_mps | yaw | taban_state(norm) | üst_state | Speed | Playback | bossHP | oyuncuHP
  0.016 | - | 3.00 | 1.00 | 0.00 | 0.0 | 0 | Locomotion(0.27) | Empty | 0.00 | 1.00 | 113.9 | 11
  0.033 | - | 3.00 | 1.00 | 0.00 | 0.0 | 0 | Locomotion(0.28) | Empty | 0.00 | 1.00 | 113.9 | 11
  0.050 | - | 3.00 | 1.00 | 0.00 | 0.0 | 0 | Locomotion(0.29) | Empty | 0.00 | 1.00 | 113.9 | 11
  0.066 | - | 3.00 | 1.00 | 0.00 | 0.0 | 0 | CastSweep(0.06) | Empty | 0.00 | 1.00 | 113.9 | 11
  0.083 | - | 3.00 | 1.00 | 0.00 | 0.0 | 0 | CastSweep(0.07) | Empty | 0.00 | 1.00 | 113.9 | 11
  0.100 | - | 3.00 | 1.00 | 0.00 | 0.0 | 0 | CastSweep(0.09) | Empty | 0.00 | 1.00 | 113.9 | 11
  0.116 | - | 3.00 | 1.00 | 0.00 | 0.0 | 0 | CastSweep(0.11) | Empty | 0.00 | 1.00 | 113.9 | 11
  0.133 | - | 3.00 | 1.00 | 0.00 | 0.0 | 0 | CastSweep(0.13) | Empty | 0.00 | 1.00 | 113.9 | 11
  0.149 | - | 3.00 | 1.00 | 0.00 | 0.0 | 0 | CastSweep(0.15) | Empty | 0.00 | 1.00 | 113.9 | 11
  0.167 | - | 3.00 | 1.00 | 0.00 | 0.0 | 0 | CastSweep(0.17) | Empty | 0.00 | 1.00 | 113.9 | 11
  0.183 | - | 3.00 | 1.00 | 0.00 | 0.0 | 0 | CastSweep(0.19) | Empty | 0.00 | 1.00 | 113.9 | 11
  0.200 | - | 3.00 | 1.00 | 0.00 | 0.0 | 0 | CastSweep(0.20) | Empty | 0.00 | 1.00 | 113.9 | 11
  0.216 | - | 3.00 | 1.00 | 0.00 | 0.0 | 0 | CastSweep(0.22) | Empty | 0.00 | 1.00 | 113.9 | 11
  0.233 | - | 3.00 | 1.00 | 0.00 | 0.0 | 0 | CastSweep(0.24) | Empty | 0.00 | 1.00 | 113.9 | 11
  0.249 | - | 3.00 | 1.00 | 0.00 | 0.0 | 0 | CastSweep(0.26) | Empty | 0.00 | 1.00 | 113.9 | 11
  0.266 | - | 3.00 | 1.00 | 0.00 | 0.0 | 0 | CastSweep(0.28) | Empty | 0.00 | 1.00 | 113.9 | 11
  0.284 | - | 3.00 | 1.00 | 0.00 | 0.0 | 0 | CastSweep(0.30) | Empty | 0.00 | 1.00 | 113.9 | 11
  0.300 | - | 3.00 | 1.00 | 0.00 | 0.0 | 0 | CastSweep(0.32) | Empty | 0.00 | 1.00 | 113.9 | 11
  0.316 | - | 3.00 | 1.00 | 0.00 | 0.0 | 0 | CastSweep(0.33) | Empty | 0.00 | 1.00 | 113.9 | 11
  0.333 | - | 3.00 | 1.00 | 0.00 | 0.0 | 0 | CastSweep(0.35) | Empty | 0.00 | 1.00 | 113.9 | 11
  0.350 | - | 3.00 | 1.00 | 0.00 | 0.0 | 0 | CastSweep(0.37) | Empty | 0.00 | 1.00 | 113.9 | 11
  0.367 | gec | 3.00 | 1.00 | 0.00 | 0.0 | 0 | CastSweep(0.02) | Empty | 0.00 | 1.00 | 113.9 | 11
  0.383 | gec | 2.93 | 1.00 | 0.00 | 0.0 | 0 | CastSweep(0.04) | Empty | 0.00 | 1.00 | 113.9 | 11
  0.400 | gec | 2.86 | 1.00 | 0.00 | 0.0 | 0 | CastSweep(0.06) | Empty | 0.00 | 1.00 | 113.9 | 11
  0.416 | gec | 2.80 | 1.00 | 0.00 | 0.0 | 0 | Locomotion(0.03) | Empty | 0.00 | 1.00 | 113.9 | 11
  0.435 | gec | 2.72 | 1.00 | 0.00 | 0.0 | 0 | Locomotion(0.04) | Empty | 0.00 | 1.00 | 113.9 | 11
  0.449 | gec | 2.66 | 1.00 | 0.00 | 0.0 | 0 | Locomotion(0.05) | Empty | 0.00 | 1.00 | 113.9 | 11
  0.467 | gec | 2.59 | 1.00 | 0.00 | 0.0 | 0 | Locomotion(0.05) | Empty | 0.00 | 1.00 | 113.9 | 11
  0.483 | gec | 2.52 | 1.00 | 0.00 | 0.0 | 0 | Locomotion(0.06) | Empty | 0.00 | 1.00 | 113.9 | 11
  0.499 | gec | 2.45 | 1.00 | 0.00 | 0.0 | 0 | Locomotion(0.07) | Empty | 0.00 | 1.00 | 113.9 | 11
  0.516 | gec | 2.38 | 1.00 | 0.00 | 0.0 | 0 | Locomotion(0.08) | Empty | 0.00 | 1.00 | 113.9 | 11 | VURUŞ@boss1,02m
  0.533 | gec | 2.31 | 1.00 | 0.00 | 0.0 | 0 | Locomotion(0.09) | Empty | 0.00 | 1.00 | 113.9 | 11
  0.550 | gec | 2.25 | 1.00 | 0.00 | 0.0 | 0 | Locomotion(0.10) | Empty | 0.00 | 1.00 | 113.9 | 11
  0.566 | gec | 2.18 | 1.00 | 0.00 | 0.0 | 0 | Locomotion(0.11) | Empty | 0.00 | 1.00 | 113.9 | 11
  0.583 | gec | 2.11 | 1.00 | 0.00 | 0.0 | 0 | Locomotion(0.12) | Empty | 0.00 | 1.00 | 113.9 | 11
  0.600 | gec | 2.04 | 1.00 | 0.00 | 0.0 | 0 | Locomotion(0.13) | Empty | 0.00 | 1.00 | 113.9 | 11
  0.616 | gec | 1.97 | 1.00 | 0.00 | 0.0 | 0 | Locomotion(0.14) | Empty | 0.00 | 1.00 | 113.9 | 11
  0.633 | - | 1.90 | 1.00 | 0.00 | 0.0 | 0 | Locomotion(0.15) | Empty | 0.00 | 1.00 | 113.9 | 11
  0.650 | - | 1.83 | 1.00 | 0.00 | 0.0 | 0 | Locomotion(0.15) | Empty | 0.00 | 1.00 | 113.9 | 11
  0.666 | - | 1.76 | 1.00 | 0.00 | 0.0 | 0 | Locomotion(0.16) | Empty | 0.00 | 1.00 | 113.9 | 11
  0.683 | - | 1.69 | 1.00 | 0.00 | 0.0 | 0 | Locomotion(0.17) | Empty | 0.00 | 1.00 | 113.9 | 11
  0.699 | - | 1.63 | 1.00 | 0.00 | 0.0 | 0 | Locomotion(0.18) | Empty | 0.00 | 1.00 | 113.9 | 11
  0.717 | - | 1.56 | 1.00 | 0.00 | 0.0 | 0 | Locomotion(0.19) | Empty | 0.00 | 1.00 | 113.9 | 11
  0.733 | - | 1.49 | 1.00 | 0.00 | 0.0 | 0 | Locomotion(0.20) | Empty | 0.00 | 1.00 | 113.9 | 11
  0.749 | - | 1.42 | 1.00 | 0.00 | 0.0 | 0 | Locomotion(0.21) | Empty | 0.00 | 1.00 | 113.9 | 11
  0.766 | - | 1.35 | 1.00 | 0.00 | 0.0 | 0 | Locomotion(0.22) | Empty | 0.00 | 1.00 | 113.9 | 11
  0.783 | - | 1.35 | 1.00 | 0.00 | 0.0 | 0 | Locomotion(0.23) | Empty | 0.00 | 1.00 | 113.9 | 11
  0.800 | - | 1.35 | 1.00 | 0.00 | 0.0 | 0 | Locomotion(0.24) | Empty | 0.00 | 1.00 | 113.9 | 11
  0.816 | - | 1.35 | 1.00 | 0.00 | 0.0 | 0 | Locomotion(0.25) | Empty | 0.00 | 1.00 | 113.9 | 11
  0.833 | - | 1.35 | 1.00 | 0.00 | 0.0 | 0 | Locomotion(0.25) | Empty | 0.00 | 1.00 | 113.9 | 11
  0.849 | - | 1.35 | 1.00 | 0.00 | 0.0 | 0 | Locomotion(0.26) | Empty | 0.00 | 1.00 | 113.9 | 11
  0.866 | - | 1.35 | 1.00 | 0.00 | 0.0 | 0 | Locomotion(0.27) | Empty | 0.00 | 1.00 | 113.9 | 11
  0.883 | - | 1.35 | 1.00 | 0.00 | 0.0 | 0 | Locomotion(0.28) | Empty | 0.00 | 1.00 | 113.9 | 11
  0.900 | - | 1.35 | 1.00 | 0.00 | 0.0 | 0 | Locomotion(0.29) | Empty | 0.00 | 1.00 | 113.9 | 11
  0.916 | - | 1.35 | 1.00 | 0.00 | 0.0 | 0 | Locomotion(0.30) | Empty | 0.00 | 1.00 | 113.9 | 11
  0.933 | - | 1.35 | 1.00 | 0.00 | 0.0 | 0 | Locomotion(0.31) | Empty | 0.00 | 1.00 | 113.9 | 11
  0.950 | - | 1.35 | 1.00 | 0.00 | 0.0 | 0 | Locomotion(0.32) | Empty | 0.00 | 1.00 | 113.9 | 11
  0.966 | - | 1.35 | 1.00 | 0.00 | 0.0 | 0 | Locomotion(0.33) | Empty | 0.00 | 1.00 | 113.9 | 11
  0.983 | - | 1.35 | 1.00 | 0.00 | 0.0 | 0 | Locomotion(0.34) | Empty | 0.00 | 1.00 | 113.9 | 11
  1.000 | - | 1.35 | 1.00 | 0.00 | 0.0 | 0 | Locomotion(0.35) | Empty | 0.00 | 1.00 | 113.9 | 11
  1.016 | - | 1.35 | 1.00 | 0.00 | 0.0 | 0 | Locomotion(0.35) | Empty | 0.00 | 1.00 | 113.9 | 11
  1.033 | - | 1.35 | 1.00 | 0.00 | 0.0 | 0 | Locomotion(0.36) | Empty | 0.00 | 1.00 | 113.9 | 11
  1.050 | - | 1.35 | 1.00 | 0.00 | 0.0 | 0 | Locomotion(0.37) | Empty | 0.00 | 1.00 | 113.9 | 11
  1.066 | - | 1.35 | 1.00 | 0.00 | 0.0 | 0 | Locomotion(0.38) | Empty | 0.00 | 1.00 | 113.9 | 11
  1.083 | - | 1.35 | 1.00 | 0.00 | 0.0 | 0 | Locomotion(0.39) | Empty | 0.00 | 1.00 | 113.9 | 11
  1.100 | - | 1.35 | 1.00 | 0.00 | 0.0 | 0 | Locomotion(0.40) | Empty | 0.00 | 1.00 | 113.9 | 11
  1.116 | - | 1.35 | 1.00 | 0.00 | 0.0 | 0 | Locomotion(0.41) | Empty | 0.00 | 1.00 | 113.9 | 11
  1.133 | - | 1.35 | 1.00 | 0.00 | 0.0 | 0 | Locomotion(0.42) | Empty | 0.00 | 1.00 | 113.9 | 11
  1.150 | - | 1.35 | 1.00 | 0.00 | 0.0 | 0 | Locomotion(0.43) | Empty | 0.00 | 1.00 | 113.9 | 11

=== kontrol 3-6 Bağlayıcı Adım [Kılıç] başlangıç 3,0 m, kalıp kanca_cekis, boss r=0,70, oyuncu r=0,50, temas 1,20
  sonuç: GEÇTİ isabet=True konum=arka→arka gövde=True tek=True hata=True süre=True sıçrama_yok=True hasar=0,0 etki=[boss:Root+Slow, boss hız x0,00] bacak=[0/35 kare koşu]
  not: vuruş 1: 1,02s@boss0,00m/oyuncu1,35m
  not: kalıp sonu: merkeze 1,35 m, başlangıçtan 4,35 m, kalıp simülasyonundan 0,00 m
  log: LOG [Motion] 3-6 → Kanca çekiş
  log: LOG [Mechanic] 3-6/Kılıç: Yer değiştirme · Bağ — kılıç yayı → bağ 3.6m, sende (sen↔hedef bağı, tik tik). Etkiler: yer_degistir→düşman 3 [iki_uc,yol:yay_kayma]; hareket→düşman 1.5sn [bag_ucu]; hareket→düşman 0.7 1.5sn [bag_ucu,yavas]
  log: LOG [Mechanic] isabet 3-6/Kılıç: yer değiştirme kalıpta, Root 1,5sn
  t | faz | merkez_m | taraf(+ön/-arka) | yan_m | hız_mps | yaw | taban_state(norm) | üst_state | Speed | Playback | bossHP | oyuncuHP
  0.016 | - | 3.00 | 1.00 | 0.00 | 0.0 | 0 | Locomotion(0.65) | Empty | 0.00 | 1.00 | 113.9 | 11
  0.033 | - | 3.00 | 1.00 | 0.00 | 0.0 | 0 | Locomotion(0.65) | Empty | 0.00 | 1.00 | 113.9 | 11
  0.049 | - | 3.00 | 1.00 | 0.00 | 0.0 | 0 | Locomotion(0.66) | Empty | 0.00 | 1.00 | 113.9 | 11
  0.066 | - | 3.00 | 1.00 | 0.00 | 0.0 | 0 | CastSweep(0.06) | Empty | 0.00 | 1.00 | 113.9 | 11
  0.083 | - | 3.00 | 1.00 | 0.00 | 0.0 | 0 | CastSweep(0.07) | Empty | 0.00 | 1.00 | 113.9 | 11
  0.100 | - | 3.00 | 1.00 | 0.00 | 0.0 | 0 | CastSweep(0.09) | Empty | 0.00 | 1.00 | 113.9 | 11
  0.116 | - | 3.00 | 1.00 | 0.00 | 0.0 | 0 | CastSweep(0.11) | Empty | 0.00 | 1.00 | 113.9 | 11
  0.133 | - | 3.00 | 1.00 | 0.00 | 0.0 | 0 | CastSweep(0.13) | Empty | 0.00 | 1.00 | 113.9 | 11
  0.149 | - | 3.00 | 1.00 | 0.00 | 0.0 | 0 | CastSweep(0.15) | Empty | 0.00 | 1.00 | 113.9 | 11
  0.167 | - | 3.00 | 1.00 | 0.00 | 0.0 | 0 | CastSweep(0.17) | Empty | 0.00 | 1.00 | 113.9 | 11
  0.183 | - | 3.00 | 1.00 | 0.00 | 0.0 | 0 | CastSweep(0.19) | Empty | 0.00 | 1.00 | 113.9 | 11
  0.199 | - | 3.00 | 1.00 | 0.00 | 0.0 | 0 | CastSweep(0.20) | Empty | 0.00 | 1.00 | 113.9 | 11
  0.216 | - | 3.00 | 1.00 | 0.00 | 0.0 | 0 | CastSweep(0.22) | Empty | 0.00 | 1.00 | 113.9 | 11
  0.233 | - | 3.00 | 1.00 | 0.00 | 0.0 | 0 | CastSweep(0.24) | Empty | 0.00 | 1.00 | 113.9 | 11
  0.249 | - | 3.00 | 1.00 | 0.00 | 0.0 | 0 | CastSweep(0.26) | Empty | 0.00 | 1.00 | 113.9 | 11
  0.266 | - | 3.00 | 1.00 | 0.00 | 0.0 | 0 | CastSweep(0.28) | Empty | 0.00 | 1.00 | 113.9 | 11
  0.283 | - | 3.00 | 1.00 | 0.00 | 0.0 | 0 | CastSweep(0.30) | Empty | 0.00 | 1.00 | 113.9 | 11
  0.300 | - | 3.00 | 1.00 | 0.00 | 0.0 | 0 | CastSweep(0.31) | Empty | 0.00 | 1.00 | 113.9 | 11
  0.316 | - | 3.00 | 1.00 | 0.00 | 0.0 | 0 | CastSweep(0.33) | Empty | 0.00 | 1.00 | 113.9 | 11
  0.333 | - | 3.00 | 1.00 | 0.00 | 0.0 | 0 | CastSweep(0.35) | Empty | 0.00 | 1.00 | 113.9 | 11
  0.349 | - | 3.00 | 1.00 | 0.00 | 0.0 | 0 | CastSweep(0.37) | Empty | 0.00 | 1.00 | 113.9 | 11
  0.366 | at | 3.00 | 1.00 | 0.00 | 0.0 | 0 | CastSweep(0.02) | Empty | 0.00 | 1.00 | 113.9 | 11
  0.383 | at | 3.00 | 1.00 | 0.00 | 0.0 | 0 | CastSweep(0.04) | Empty | 0.00 | 1.00 | 113.9 | 11
  0.399 | at | 3.00 | 1.00 | 0.00 | 0.0 | 0 | CastSweep(0.06) | Empty | 0.00 | 1.00 | 113.9 | 11
  0.416 | at | 3.00 | 1.00 | 0.00 | 0.0 | 0 | CastShoot(0.06) | Empty | 0.00 | 1.00 | 113.9 | 11
  0.433 | at | 3.00 | 1.00 | 0.00 | 0.0 | 0 | CastShoot(0.08) | Empty | 0.00 | 1.00 | 113.9 | 11
  0.450 | at | 3.00 | 1.00 | 0.00 | 0.0 | 0 | CastShoot(0.10) | Empty | 0.00 | 1.00 | 113.9 | 11
  0.466 | at | 3.00 | 1.00 | 0.00 | 0.0 | 0 | CastShoot(0.12) | Empty | 0.00 | 1.00 | 113.9 | 11
  0.483 | at | 3.00 | 1.00 | 0.00 | 0.0 | 0 | CastShoot(0.14) | Empty | 0.00 | 1.00 | 113.9 | 11
  0.500 | at | 3.00 | 1.00 | 0.00 | 0.0 | 0 | CastShoot(0.16) | Empty | 0.00 | 1.00 | 113.9 | 11
  0.516 | cek | 2.97 | 1.00 | 0.00 | 2.1 | 0 | CastShoot(0.18) | Empty | 2.24 | 1.13 | 113.9 | 11
  0.533 | cek | 2.88 | 1.00 | 0.00 | 5.2 | 0 | CastShoot(0.20) | Empty | 0.00 | 1.00 | 113.9 | 11
  0.550 | cek | 2.79 | 1.00 | 0.00 | 5.2 | 0 | CastShoot(0.20) | Empty | 0.00 | 1.00 | 113.9 | 11
  0.566 | cek | 2.71 | 1.00 | 0.00 | 5.2 | 0 | CastShoot(0.20) | Empty | 0.00 | 1.00 | 113.9 | 11
  0.583 | cek | 2.62 | 1.00 | 0.00 | 5.2 | 0 | CastPierce(0.06) | Empty | 0.00 | 1.00 | 113.9 | 11
  0.600 | cek | 2.53 | 1.00 | 0.00 | 5.2 | 0 | CastPierce(0.08) | Empty | 0.00 | 1.00 | 113.9 | 11
  0.616 | cek | 2.45 | 1.00 | 0.00 | 5.2 | 0 | CastPierce(0.10) | Empty | 0.00 | 1.00 | 113.9 | 11
  0.633 | cek | 2.36 | 1.00 | 0.00 | 5.2 | 0 | CastPierce(0.12) | Empty | 0.00 | 1.00 | 113.9 | 11
  0.650 | cek | 2.28 | 1.00 | 0.00 | 5.2 | 0 | CastPierce(0.14) | Empty | 0.00 | 1.00 | 113.9 | 11
  0.667 | cek | 2.19 | 1.00 | 0.00 | 5.2 | 0 | CastPierce(0.16) | Empty | 0.00 | 1.00 | 113.9 | 11
  0.683 | cek | 2.10 | 1.00 | 0.00 | 5.2 | 0 | CastPierce(0.18) | Empty | 0.00 | 1.00 | 113.9 | 11
  0.700 | cek | 2.02 | 1.00 | 0.00 | 5.2 | 0 | CastPierce(0.20) | Empty | 0.00 | 1.00 | 113.9 | 11
  0.716 | cek | 1.93 | 1.00 | 0.00 | 5.2 | 0 | CastPierce(0.22) | Empty | 0.00 | 1.00 | 113.9 | 11
  0.733 | cek | 1.84 | 1.00 | 0.00 | 5.2 | 0 | CastPierce(0.24) | Empty | 0.00 | 1.00 | 113.9 | 11
  0.749 | cek | 1.76 | 1.00 | 0.00 | 5.2 | 0 | CastPierce(0.26) | Empty | 0.00 | 1.00 | 113.9 | 11
  0.766 | cek | 1.67 | 1.00 | 0.00 | 5.2 | 0 | CastPierce(0.28) | Empty | 0.00 | 1.00 | 113.9 | 11
  0.783 | cek | 1.59 | 1.00 | 0.00 | 5.2 | 0 | CastPierce(0.30) | Empty | 0.00 | 1.00 | 113.9 | 11
  0.800 | cek | 1.50 | 1.00 | 0.00 | 5.2 | 0 | CastPierce(0.32) | Empty | 0.00 | 1.00 | 113.9 | 11
  0.816 | cek | 1.41 | 1.00 | 0.00 | 5.2 | 0 | CastPierce(0.34) | Empty | 0.00 | 1.00 | 113.9 | 11
  0.833 | as | 1.35 | 1.00 | 0.05 | 5.3 | 89 | CastPierce(0.36) | Empty | 0.00 | 1.00 | 113.9 | 11
  0.849 | as | 1.35 | 0.97 | 0.32 | 16.2 | 83 | CastPierce(0.38) | Empty | 0.00 | 1.00 | 113.9 | 11
  0.866 | as | 1.35 | 0.90 | 0.58 | 16.2 | 77 | CastPierce(0.40) | Empty | 0.00 | 1.00 | 113.9 | 11
  0.883 | as | 1.35 | 0.80 | 0.81 | 16.2 | 71 | CastSlam(0.06) | Empty | 0.00 | 1.00 | 113.9 | 11
  0.899 | as | 1.35 | 0.66 | 1.01 | 16.2 | 66 | CastSlam(0.08) | Empty | 0.00 | 1.00 | 113.9 | 11
  0.916 | as | 1.35 | 0.50 | 1.17 | 16.2 | 60 | CastSlam(0.10) | Empty | 0.00 | 1.00 | 113.9 | 11
  0.933 | as | 1.35 | 0.31 | 1.28 | 16.2 | 54 | CastSlam(0.12) | Empty | 0.00 | 1.00 | 113.9 | 11
  0.950 | as | 1.35 | 0.12 | 1.34 | 16.2 | 48 | CastSlam(0.13) | Empty | 0.00 | 1.00 | 113.9 | 11
  0.966 | as | 1.35 | -0.08 | 1.34 | 16.2 | 43 | CastSlam(0.15) | Empty | 0.00 | 1.00 | 113.9 | 11
  0.983 | as | 1.35 | -0.28 | 1.29 | 16.2 | 37 | CastSlam(0.17) | Empty | 0.00 | 1.00 | 113.9 | 11
  1.000 | as | 1.35 | -0.47 | 1.19 | 16.2 | 31 | CastSlam(0.19) | Empty | 0.00 | 1.00 | 113.9 | 11
  1.016 | as | 1.35 | -0.63 | 1.04 | 16.2 | 25 | CastSlam(0.21) | Empty | 0.00 | 1.00 | 113.9 | 11 | VURUŞ@boss0,00m
  1.033 | as | 1.35 | -0.77 | 0.85 | 16.2 | 20 | CastSlam(0.23) | Empty | 0.00 | 1.00 | 113.9 | 11
  1.050 | as | 1.35 | -0.89 | 0.62 | 16.2 | 14 | CastSlam(0.25) | Empty | 0.00 | 1.00 | 113.9 | 11
  1.066 | as | 1.35 | -0.96 | 0.38 | 16.3 | 8 | CastSlam(0.27) | Empty | 0.00 | 1.00 | 113.9 | 11
  1.083 | as | 1.35 | -1.00 | 0.11 | 16.2 | 2 | CastSlam(0.29) | Empty | 0.00 | 1.00 | 113.9 | 11
  1.100 | - | 1.35 | -1.00 | 0.00 | 6.4 | 0 | CastSlam(0.31) | Empty | 0.00 | 1.00 | 113.9 | 11
  1.116 | - | 1.35 | -1.00 | 0.00 | 0.0 | 0 | CastSlam(0.33) | Empty | 0.00 | 1.00 | 113.9 | 11
  1.133 | - | 1.35 | -1.00 | 0.00 | 0.0 | 0 | CastSlam(0.35) | Empty | 0.00 | 1.00 | 113.9 | 11
  1.149 | - | 1.35 | -1.00 | 0.00 | 0.0 | 0 | CastSlam(0.37) | Empty | 0.00 | 1.00 | 113.9 | 11
  1.166 | - | 1.35 | -1.00 | 0.00 | 0.0 | 0 | CastSlam(0.38) | Empty | 0.00 | 1.00 | 113.9 | 11
  1.183 | - | 1.35 | -1.00 | 0.00 | 0.0 | 0 | CastSlam(0.40) | Empty | 0.00 | 1.00 | 113.9 | 11
  1.200 | - | 1.35 | -1.00 | 0.00 | 0.0 | 0 | CastSlam(0.42) | Empty | 0.00 | 1.00 | 113.9 | 11
  1.216 | - | 1.35 | -1.00 | 0.00 | 0.0 | 0 | CastSlam(0.44) | Empty | 0.00 | 1.00 | 113.9 | 11
  1.233 | - | 1.35 | -1.00 | 0.00 | 0.0 | 0 | CastSlam(0.46) | Empty | 0.00 | 1.00 | 113.9 | 11
  1.250 | - | 1.35 | -1.00 | 0.00 | 0.0 | 0 | CastSlam(0.48) | Empty | 0.00 | 1.00 | 113.9 | 11
  1.267 | - | 1.35 | -1.00 | 0.00 | 0.0 | 0 | CastSlam(0.50) | Empty | 0.00 | 1.00 | 113.9 | 11
  1.283 | - | 1.35 | -1.00 | 0.00 | 0.0 | 0 | CastSlam(0.52) | Empty | 0.00 | 1.00 | 113.9 | 11
  1.300 | - | 1.35 | -1.00 | 0.00 | 0.0 | 0 | CastSlam(0.54) | Empty | 0.00 | 1.00 | 113.9 | 11
  1.316 | - | 1.35 | -1.00 | 0.00 | 0.0 | 0 | CastSlam(0.56) | Empty | 0.00 | 1.00 | 113.9 | 11
  1.333 | - | 1.35 | -1.00 | 0.00 | 0.0 | 0 | CastSlam(0.58) | Empty | 0.00 | 1.00 | 113.9 | 11
  1.349 | - | 1.35 | -1.00 | 0.00 | 0.0 | 0 | CastSlam(0.60) | Empty | 0.00 | 1.00 | 113.9 | 11
  1.366 | - | 1.35 | -1.00 | 0.00 | 0.0 | 0 | CastSlam(0.62) | Empty | 0.00 | 1.00 | 113.9 | 11
  1.383 | - | 1.35 | -1.00 | 0.00 | 0.0 | 0 | CastSlam(0.63) | Empty | 0.00 | 1.00 | 113.9 | 11
  1.400 | - | 1.35 | -1.00 | 0.00 | 0.0 | 0 | CastSlam(0.65) | Empty | 0.00 | 1.00 | 113.9 | 11
  1.416 | - | 1.35 | -1.00 | 0.00 | 0.0 | 0 | CastSlam(0.67) | Empty | 0.00 | 1.00 | 113.9 | 11
  1.433 | - | 1.35 | -1.00 | 0.00 | 0.0 | 0 | CastSlam(0.69) | Empty | 0.00 | 1.00 | 113.9 | 11
  1.449 | - | 1.35 | -1.00 | 0.00 | 0.0 | 0 | CastSlam(0.71) | Empty | 0.00 | 1.00 | 113.9 | 11
  1.466 | - | 1.35 | -1.00 | 0.00 | 0.0 | 0 | CastSlam(0.73) | Empty | 0.00 | 1.00 | 113.9 | 11
  1.483 | - | 1.35 | -1.00 | 0.00 | 0.0 | 0 | CastSlam(0.75) | Empty | 0.00 | 1.00 | 113.9 | 11
  1.500 | - | 1.35 | -1.00 | 0.00 | 0.0 | 0 | CastSlam(0.77) | Empty | 0.00 | 1.00 | 113.9 | 11
  1.516 | - | 1.35 | -1.00 | 0.00 | 0.0 | 0 | CastSlam(0.79) | Empty | 0.00 | 1.00 | 113.9 | 11
  1.533 | - | 1.35 | -1.00 | 0.00 | 0.0 | 0 | CastSlam(0.81) | Empty | 0.00 | 1.00 | 113.9 | 11
  1.549 | - | 1.35 | -1.00 | 0.00 | 0.0 | 0 | CastSlam(0.83) | Empty | 0.00 | 1.00 | 113.9 | 11
  1.566 | - | 1.35 | -1.00 | 0.00 | 0.0 | 0 | CastSlam(0.85) | Empty | 0.00 | 1.00 | 113.9 | 11
  1.583 | - | 1.35 | -1.00 | 0.00 | 0.0 | 0 | CastSlam(0.87) | Empty | 0.00 | 1.00 | 113.9 | 11
  1.599 | - | 1.35 | -1.00 | 0.00 | 0.0 | 0 | CastSlam(0.88) | Empty | 0.00 | 1.00 | 113.9 | 11
  1.616 | - | 1.35 | -1.00 | 0.00 | 0.0 | 0 | CastSlam(0.90) | Empty | 0.00 | 1.00 | 113.9 | 11

=== kontrol 3-3 Sıçrayan Adım [Asa] başlangıç 3,0 m, kalıp sekmeli_ziplama, boss r=0,70, oyuncu r=0,50, temas 1,20
  sonuç: GEÇTİ isabet=True konum=arka→arka gövde=True tek=True hata=True süre=True sıçrama_yok=True hasar=0,0 etki=[] bacak=[0/35 kare koşu]
  not: hasarsız skill (base_damage 0): etki hareketin kendisi
  not: vuruş 3: 0,67s@boss2,06m/oyuncu0,00m 0,87s@boss1,35m/oyuncu0,00m 1,07s@boss1,35m/oyuncu0,00m
  not: kalıp sonu: merkeze 1,35 m, başlangıçtan 4,35 m, kalıp simülasyonundan 0,00 m
  not: toparlanma 0,53 sn (tablo 0,26)
  log: LOG [Motion] 3-3 → Sekmeli zıplama
  log: LOG [Mechanic] 3-3/Asa: Sekmeli zıplama · Seken — asa ışını (hat) → çizgi 3.3m, sende (2 kez seker, tik tik, uyumsuz silah). Etkiler: kendini_tasi→sen 7.5 [sekmeli,yol:hat_kayma]
  t | faz | merkez_m | taraf(+ön/-arka) | yan_m | hız_mps | yaw | taban_state(norm) | üst_state | Speed | Playback | bossHP | oyuncuHP
  0.017 | - | 3.00 | 1.00 | 0.00 | 0.0 | 0 | Locomotion(0.40) | Empty | 0.00 | 1.00 | 113.9 | 11
  0.033 | - | 3.00 | 1.00 | 0.00 | 0.0 | 0 | Locomotion(0.41) | Empty | 0.00 | 1.00 | 113.9 | 11
  0.050 | - | 3.00 | 1.00 | 0.00 | 0.0 | 0 | Locomotion(0.42) | Empty | 0.00 | 1.00 | 113.9 | 11
  0.066 | - | 3.00 | 1.00 | 0.00 | 0.0 | 0 | CastSweep(0.06) | Empty | 0.00 | 1.00 | 113.9 | 11
  0.083 | - | 3.00 | 1.00 | 0.00 | 0.0 | 0 | CastSweep(0.07) | Empty | 0.00 | 1.00 | 113.9 | 11
  0.100 | - | 3.00 | 1.00 | 0.00 | 0.0 | 0 | CastSweep(0.09) | Empty | 0.00 | 1.00 | 113.9 | 11
  0.117 | - | 3.00 | 1.00 | 0.00 | 0.0 | 0 | CastSweep(0.11) | Empty | 0.00 | 1.00 | 113.9 | 11
  0.133 | - | 3.00 | 1.00 | 0.00 | 0.0 | 0 | CastSweep(0.13) | Empty | 0.00 | 1.00 | 113.9 | 11
  0.150 | - | 3.00 | 1.00 | 0.00 | 0.0 | 0 | CastSweep(0.15) | Empty | 0.00 | 1.00 | 113.9 | 11
  0.167 | - | 3.00 | 1.00 | 0.00 | 0.0 | 0 | CastSweep(0.17) | Empty | 0.00 | 1.00 | 113.9 | 11
  0.183 | - | 3.00 | 1.00 | 0.00 | 0.0 | 0 | CastSweep(0.18) | Empty | 0.00 | 1.00 | 113.9 | 11
  0.200 | - | 3.00 | 1.00 | 0.00 | 0.0 | 0 | CastSweep(0.20) | Empty | 0.00 | 1.00 | 113.9 | 11
  0.217 | - | 3.00 | 1.00 | 0.00 | 0.0 | 0 | CastSweep(0.22) | Empty | 0.00 | 1.00 | 113.9 | 11
  0.233 | - | 3.00 | 1.00 | 0.00 | 0.0 | 0 | CastSweep(0.24) | Empty | 0.00 | 1.00 | 113.9 | 11
  0.250 | - | 3.00 | 1.00 | 0.00 | 0.0 | 0 | CastSweep(0.26) | Empty | 0.00 | 1.00 | 113.9 | 11
  0.266 | - | 3.00 | 1.00 | 0.00 | 0.0 | 0 | CastSweep(0.28) | Empty | 0.00 | 1.00 | 113.9 | 11
  0.283 | - | 3.00 | 1.00 | 0.00 | 0.0 | 0 | CastSweep(0.30) | Empty | 0.00 | 1.00 | 113.9 | 11
  0.300 | - | 3.00 | 1.00 | 0.00 | 0.0 | 0 | CastSweep(0.31) | Empty | 0.00 | 1.00 | 113.9 | 11
  0.316 | - | 3.00 | 1.00 | 0.00 | 0.0 | 0 | CastSweep(0.33) | Empty | 0.00 | 1.00 | 113.9 | 11
  0.333 | - | 3.00 | 1.00 | 0.00 | 0.0 | 0 | CastSweep(0.35) | Empty | 0.00 | 1.00 | 113.9 | 11
  0.350 | - | 3.00 | 1.00 | 0.00 | 0.0 | 0 | CastSweep(0.37) | Empty | 0.00 | 1.00 | 113.9 | 11
  0.367 | - | 3.00 | 1.00 | 0.00 | 0.0 | 0 | CastSweep(0.39) | Empty | 0.00 | 1.00 | 113.9 | 11
  0.383 | - | 3.00 | 1.00 | 0.00 | 0.0 | 0 | CastSweep(0.41) | Empty | 0.00 | 1.00 | 113.9 | 11
  0.400 | - | 3.00 | 1.00 | 0.00 | 0.0 | 0 | CastSweep(0.43) | Empty | 0.00 | 1.00 | 113.9 | 11
  0.417 | - | 3.00 | 1.00 | 0.00 | 0.0 | 0 | CastSweep(0.44) | Empty | 0.00 | 1.00 | 113.9 | 11
  0.434 | - | 3.00 | 1.00 | 0.00 | 0.0 | 0 | CastSweep(0.46) | Empty | 0.00 | 1.00 | 113.9 | 11
  0.450 | - | 3.00 | 1.00 | 0.00 | 0.0 | 0 | CastSweep(0.48) | Empty | 0.00 | 1.00 | 113.9 | 11
  0.467 | - | 3.00 | 1.00 | 0.00 | 0.0 | 0 | CastSweep(0.50) | Empty | 0.00 | 1.00 | 113.9 | 11
  0.483 | - | 3.00 | 1.00 | 0.00 | 0.0 | 0 | CastSweep(0.52) | Empty | 0.00 | 1.00 | 113.9 | 11
  0.500 | - | 3.00 | 1.00 | 0.00 | 0.0 | 0 | CastSweep(0.54) | Empty | 0.00 | 1.00 | 113.9 | 11
  0.517 | - | 3.00 | 1.00 | 0.00 | 0.0 | 0 | CastSweep(0.56) | Empty | 0.00 | 1.00 | 113.9 | 11
  0.533 | sek_1 | 2.89 | 1.00 | 0.06 | 7.6 | 27 | CastSweep(0.02) | Empty | 0.00 | 1.00 | 113.9 | 11
  0.550 | sek_1 | 2.78 | 1.00 | 0.12 | 7.6 | 27 | CastSweep(0.04) | Empty | 0.00 | 1.00 | 113.9 | 11
  0.566 | sek_1 | 2.67 | 1.00 | 0.17 | 7.6 | 27 | CastSweep(0.06) | Empty | 0.00 | 1.00 | 113.9 | 11
  0.583 | sek_1 | 2.56 | 1.00 | 0.23 | 7.6 | 27 | CastSlam(0.06) | Empty | 0.00 | 1.00 | 113.9 | 11
  0.600 | sek_1 | 2.46 | 0.99 | 0.29 | 7.6 | 27 | CastSlam(0.08) | Empty | 0.00 | 1.00 | 113.9 | 11
  0.617 | sek_1 | 2.35 | 0.99 | 0.35 | 7.6 | 27 | CastSlam(0.10) | Empty | 0.00 | 1.00 | 113.9 | 11
  0.633 | sek_1 | 2.25 | 0.98 | 0.41 | 7.6 | 27 | CastSlam(0.12) | Empty | 0.00 | 1.00 | 113.9 | 11
  0.650 | sek_1 | 2.15 | 0.98 | 0.47 | 7.6 | 27 | CastSlam(0.13) | Empty | 0.00 | 1.00 | 113.9 | 11
  0.667 | sek_1 | 2.06 | 0.97 | 0.52 | 7.6 | 27 | CastSlam(0.15) | Empty | 0.00 | 1.00 | 113.9 | 11 | VURUŞ@boss2,06m
  0.683 | sek_1 | 1.96 | 0.95 | 0.58 | 7.6 | 27 | CastSlam(0.17) | Empty | 0.00 | 1.00 | 113.9 | 11
  0.700 | sek_1 | 1.88 | 0.94 | 0.64 | 7.6 | 27 | CastSlam(0.19) | Empty | 0.00 | 1.00 | 113.9 | 11
  0.716 | sek_1 | 1.79 | 0.92 | 0.70 | 7.6 | 27 | CastSlam(0.21) | Empty | 0.00 | 1.00 | 113.9 | 11
  0.733 | sek_2 | 1.66 | 0.92 | 0.66 | 8.1 | 342 | CastSlam(0.23) | Empty | 0.00 | 1.00 | 113.9 | 11
  0.750 | sek_2 | 1.52 | 0.91 | 0.62 | 8.1 | 342 | CastSlam(0.25) | Empty | 0.00 | 1.00 | 113.9 | 11
  0.766 | sek_2 | 1.39 | 0.91 | 0.58 | 8.1 | 342 | CastSlam(0.27) | Empty | 0.00 | 1.00 | 113.9 | 11
  0.783 | sek_2 | 1.35 | 0.90 | 0.58 | 2.8 | 344 | CastSlam(0.29) | Empty | 2.24 | 1.52 | 113.9 | 11
  0.800 | sek_2 | 1.35 | 0.90 | 0.60 | 1.3 | 347 | CastSlam(0.31) | Empty | 1.57 | 1.00 | 113.9 | 11
  0.817 | sek_2 | 1.35 | 0.89 | 0.62 | 1.7 | 350 | CastSlam(0.33) | Empty | 2.00 | 1.00 | 113.9 | 11
  0.833 | sek_2 | 1.35 | 0.87 | 0.65 | 2.2 | 354 | CastSlam(0.35) | Empty | 2.24 | 1.18 | 113.9 | 11
  0.850 | sek_2 | 1.35 | 0.86 | 0.70 | 3.0 | 359 | CastSlam(0.37) | Empty | 2.24 | 1.61 | 113.9 | 11
  0.867 | sek_2 | 1.35 | 0.83 | 0.76 | 4.3 | 6 | CastSlam(0.39) | Empty | 2.24 | 2.00 | 113.9 | 11 | VURUŞ@boss1,35m
  0.883 | sek_2 | 1.35 | 0.78 | 0.85 | 6.8 | 14 | CastSlam(0.40) | Empty | 0.00 | 1.00 | 113.9 | 11
  0.900 | sek_2 | 1.35 | 0.68 | 0.99 | 11.8 | 21 | CastSlam(0.42) | Empty | 0.00 | 1.00 | 113.9 | 11
  0.917 | sek_3 | 1.35 | 0.43 | 1.22 | 23.7 | 26 | CastSlam(0.44) | Empty | 0.00 | 1.00 | 113.9 | 11
  0.933 | sek_3 | 1.35 | 0.27 | 1.30 | 13.6 | 21 | CastSlam(0.46) | Empty | 0.00 | 1.00 | 113.9 | 11
  0.950 | sek_3 | 1.35 | 0.11 | 1.34 | 13.6 | 16 | CastSlam(0.48) | Empty | 0.00 | 1.00 | 113.9 | 11
  0.966 | sek_3 | 1.35 | -0.05 | 1.35 | 13.6 | 11 | CastSlam(0.50) | Empty | 0.00 | 1.00 | 113.9 | 11
  0.983 | sek_3 | 1.35 | -0.22 | 1.31 | 13.6 | 6 | CastSlam(0.52) | Empty | 0.00 | 1.00 | 113.9 | 11
  1.000 | sek_3 | 1.35 | -0.38 | 1.24 | 13.6 | 1 | CastSlam(0.54) | Empty | 0.00 | 1.00 | 113.9 | 11
  1.017 | sek_3 | 1.35 | -0.53 | 1.14 | 13.6 | 357 | CastSlam(0.56) | Empty | 0.00 | 1.00 | 113.9 | 11
  1.033 | sek_3 | 1.35 | -0.67 | 1.00 | 13.6 | 352 | CastSlam(0.58) | Empty | 0.00 | 1.00 | 113.9 | 11
  1.050 | sek_3 | 1.35 | -0.78 | 0.84 | 13.6 | 347 | CastSlam(0.60) | Empty | 0.00 | 1.00 | 113.9 | 11
  1.066 | sek_3 | 1.35 | -0.87 | 0.66 | 13.6 | 342 | CastSlam(0.62) | Empty | 0.00 | 1.00 | 113.9 | 11 | VURUŞ@boss1,35m
  1.083 | sek_3 | 1.35 | -0.94 | 0.45 | 13.6 | 337 | CastSlam(0.63) | Empty | 0.00 | 1.00 | 113.9 | 11
  1.100 | sek_3 | 1.35 | -0.99 | 0.23 | 13.6 | 333 | CastSlam(0.65) | Empty | 0.00 | 1.00 | 113.9 | 11
  1.117 | sek_3 | 1.35 | -1.00 | 0.00 | 13.6 | 328 | CastSlam(0.67) | Empty | 0.00 | 1.00 | 113.9 | 11
  1.134 | - | 1.35 | -1.00 | 0.00 | 0.2 | 328 | CastSlam(0.69) | Empty | 0.23 | 1.00 | 113.9 | 11
  1.150 | - | 1.35 | -1.00 | 0.00 | 0.0 | 328 | CastSlam(0.71) | Empty | 0.19 | 1.00 | 113.9 | 11
  1.166 | - | 1.35 | -1.00 | 0.00 | 0.0 | 328 | CastSlam(0.73) | Empty | 0.16 | 1.00 | 113.9 | 11
  1.183 | - | 1.35 | -1.00 | 0.00 | 0.0 | 328 | CastSlam(0.75) | Empty | 0.13 | 1.00 | 113.9 | 11
  1.200 | - | 1.35 | -1.00 | 0.00 | 0.0 | 328 | CastSlam(0.77) | Empty | 0.11 | 1.00 | 113.9 | 11
  1.216 | - | 1.35 | -1.00 | 0.00 | 0.0 | 328 | CastSlam(0.79) | Empty | 0.09 | 1.00 | 113.9 | 11
  1.233 | - | 1.35 | -1.00 | 0.00 | 0.0 | 328 | CastSlam(0.81) | Empty | 0.07 | 1.00 | 113.9 | 11
  1.250 | - | 1.35 | -1.00 | 0.00 | 0.0 | 328 | CastSlam(0.83) | Empty | 0.06 | 1.00 | 113.9 | 11
  1.266 | - | 1.35 | -1.00 | 0.00 | 0.0 | 328 | CastSlam(0.85) | Empty | 0.05 | 1.00 | 113.9 | 11
  1.283 | - | 1.35 | -1.00 | 0.00 | 0.0 | 328 | CastSlam(0.87) | Empty | 0.04 | 1.00 | 113.9 | 11
  1.300 | - | 1.35 | -1.00 | 0.00 | 0.0 | 328 | CastSlam(0.89) | Empty | 0.03 | 1.00 | 113.9 | 11
  1.317 | - | 1.35 | -1.00 | 0.00 | 0.0 | 328 | CastSlam(0.90) | Empty | 0.03 | 1.00 | 113.9 | 11
  1.333 | - | 1.35 | -1.00 | 0.00 | 0.0 | 328 | Locomotion(0.06) | Empty | 0.02 | 1.00 | 113.9 | 11
  1.350 | - | 1.35 | -1.00 | 0.00 | 0.0 | 316 | Locomotion(0.07) | Empty | 0.02 | 1.00 | 113.9 | 11
  1.367 | - | 1.35 | -1.00 | 0.00 | 0.0 | 304 | Locomotion(0.08) | Empty | 0.02 | 1.00 | 113.9 | 11
  1.383 | - | 1.35 | -1.00 | 0.00 | 0.0 | 292 | Locomotion(0.09) | Empty | 0.01 | 1.00 | 113.9 | 11
  1.400 | - | 1.35 | -1.00 | 0.00 | 0.0 | 280 | Locomotion(0.10) | Empty | 0.01 | 1.00 | 113.9 | 11
  1.417 | - | 1.35 | -1.00 | 0.00 | 0.0 | 268 | Locomotion(0.10) | Empty | 0.01 | 1.00 | 113.9 | 11
  1.434 | - | 1.35 | -1.00 | 0.00 | 0.0 | 255 | Locomotion(0.11) | Empty | 0.01 | 1.00 | 113.9 | 11
  1.450 | - | 1.35 | -1.00 | 0.00 | 0.0 | 244 | Locomotion(0.12) | Empty | 0.01 | 1.00 | 113.9 | 11
  1.466 | - | 1.35 | -1.00 | 0.00 | 0.0 | 232 | Locomotion(0.13) | Empty | 0.01 | 1.00 | 113.9 | 11

=== kontrol 2-6 Bağlayıcı Şifa [Asa] başlangıç 3,0 m, kalıp dostu_kanca, boss r=0,70, oyuncu r=0,50, temas 1,20
  sonuç: GEÇTİ isabet=True konum=geri→geri gövde=True tek=True hata=True süre=True sıçrama_yok=True hasar=0,0 etki=[oyuncu +11 can] bacak=[0/21 kare koşu]
  not: vuruş 1: 0,92s@boss5,79m/oyuncu0,40m
  not: kalıp sonu: merkeze 5,92 m, başlangıçtan 3,40 m, kalıp simülasyonundan 0,00 m, kalıp hedefi AllyDummy
  not: toparlanma 0,46 sn (tablo 0,26)
  log: LOG [Motion] 2-6 → Dostu kancayla çekme
  log: LOG [Mechanic] 2-6/Asa: Can bağı · Bağ — asa ışını (hat) → bağ 2m, senden hedefe hat (sen↔hedef bağı, tik tik). Etkiler: can→dost 35 [can_bagi]; hasar_paylasimi→dost 0.5 1.5sn [bag]
  t | faz | merkez_m | taraf(+ön/-arka) | yan_m | hız_mps | yaw | taban_state(norm) | üst_state | Speed | Playback | bossHP | oyuncuHP
  0.017 | - | 3.00 | 1.00 | 0.00 | 0.0 | 225 | Locomotion(0.35) | Empty | 0.00 | 1.00 | 113.9 | 11
  0.033 | - | 3.00 | 1.00 | 0.00 | 0.0 | 225 | Locomotion(0.36) | Empty | 0.00 | 1.00 | 113.9 | 11
  0.050 | - | 3.00 | 1.00 | 0.00 | 0.0 | 225 | Locomotion(0.37) | Empty | 0.00 | 1.00 | 113.9 | 11
  0.067 | - | 3.00 | 1.00 | 0.00 | 0.0 | 225 | CastChannel(0.05) | Empty | 0.00 | 1.00 | 113.9 | 11
  0.083 | - | 3.00 | 1.00 | 0.00 | 0.0 | 225 | CastChannel(0.07) | Empty | 0.00 | 1.00 | 113.9 | 11
  0.100 | - | 3.00 | 1.00 | 0.00 | 0.0 | 225 | CastChannel(0.08) | Empty | 0.00 | 1.00 | 113.9 | 11
  0.117 | - | 3.00 | 1.00 | 0.00 | 0.0 | 225 | CastChannel(0.10) | Empty | 0.00 | 1.00 | 113.9 | 11
  0.133 | - | 3.00 | 1.00 | 0.00 | 0.0 | 225 | CastChannel(0.12) | Empty | 0.00 | 1.00 | 113.9 | 11
  0.150 | - | 3.00 | 1.00 | 0.00 | 0.0 | 225 | CastChannel(0.13) | Empty | 0.00 | 1.00 | 113.9 | 11
  0.167 | - | 3.00 | 1.00 | 0.00 | 0.0 | 225 | CastChannel(0.15) | Empty | 0.00 | 1.00 | 113.9 | 11
  0.183 | - | 3.00 | 1.00 | 0.00 | 0.0 | 225 | CastChannel(0.17) | Empty | 0.00 | 1.00 | 113.9 | 11
  0.200 | - | 3.00 | 1.00 | 0.00 | 0.0 | 225 | CastChannel(0.18) | Empty | 0.00 | 1.00 | 113.9 | 11
  0.216 | - | 3.00 | 1.00 | 0.00 | 0.0 | 225 | CastChannel(0.20) | Empty | 0.00 | 1.00 | 113.9 | 11
  0.233 | - | 3.00 | 1.00 | 0.00 | 0.0 | 225 | CastChannel(0.22) | Empty | 0.00 | 1.00 | 113.9 | 11
  0.250 | - | 3.00 | 1.00 | 0.00 | 0.0 | 225 | CastChannel(0.23) | Empty | 0.00 | 1.00 | 113.9 | 11
  0.266 | - | 3.00 | 1.00 | 0.00 | 0.0 | 225 | CastChannel(0.25) | Empty | 0.00 | 1.00 | 113.9 | 11
  0.283 | - | 3.00 | 1.00 | 0.00 | 0.0 | 225 | CastChannel(0.27) | Empty | 0.00 | 1.00 | 113.9 | 11
  0.300 | - | 3.00 | 1.00 | 0.00 | 0.0 | 225 | CastChannel(0.28) | Empty | 0.00 | 1.00 | 113.9 | 11
  0.316 | - | 3.00 | 1.00 | 0.00 | 0.0 | 225 | CastChannel(0.30) | Empty | 0.00 | 1.00 | 113.9 | 11
  0.333 | - | 3.00 | 1.00 | 0.00 | 0.0 | 225 | CastChannel(0.32) | Empty | 0.00 | 1.00 | 113.9 | 11
  0.350 | - | 3.00 | 1.00 | 0.00 | 0.0 | 225 | CastChannel(0.33) | Empty | 0.00 | 1.00 | 113.9 | 11
  0.366 | - | 3.00 | 1.00 | 0.00 | 0.0 | 225 | CastChannel(0.35) | Empty | 0.00 | 1.00 | 113.9 | 11
  0.383 | - | 3.00 | 1.00 | 0.00 | 0.0 | 225 | CastChannel(0.37) | Empty | 0.00 | 1.00 | 113.9 | 11
  0.400 | - | 3.00 | 1.00 | 0.00 | 0.0 | 225 | CastChannel(0.38) | Empty | 0.00 | 1.00 | 113.9 | 11
  0.417 | - | 3.00 | 1.00 | 0.00 | 0.0 | 225 | CastChannel(0.40) | Empty | 0.00 | 1.00 | 113.9 | 11
  0.433 | - | 3.00 | 1.00 | 0.00 | 0.0 | 225 | CastChannel(0.42) | Empty | 0.00 | 1.00 | 113.9 | 11
  0.450 | - | 3.00 | 1.00 | 0.00 | 0.0 | 225 | CastChannel(0.43) | Empty | 0.00 | 1.00 | 113.9 | 11
  0.467 | at | 3.00 | 1.00 | 0.00 | 0.0 | 225 | CastChannel(0.02) | Empty | 0.00 | 1.00 | 113.9 | 11
  0.483 | at | 3.00 | 1.00 | 0.00 | 0.0 | 225 | CastChannel(0.03) | Empty | 0.00 | 1.00 | 113.9 | 11
  0.500 | at | 3.00 | 1.00 | 0.00 | 0.0 | 225 | CastChannel(0.05) | Empty | 0.00 | 1.00 | 113.9 | 11
  0.517 | at | 3.00 | 1.00 | 0.00 | 0.0 | 225 | CastShoot(0.06) | Empty | 0.00 | 1.00 | 113.9 | 11
  0.533 | at | 3.00 | 1.00 | 0.00 | 0.0 | 225 | CastShoot(0.08) | Empty | 0.00 | 1.00 | 113.9 | 11
  0.550 | at | 3.00 | 1.00 | 0.00 | 0.0 | 225 | CastShoot(0.10) | Empty | 0.00 | 1.00 | 113.9 | 11
  0.567 | at | 3.00 | 1.00 | 0.00 | 0.0 | 225 | CastShoot(0.12) | Empty | 0.00 | 1.00 | 113.9 | 11
  0.583 | at | 3.00 | 1.00 | 0.00 | 0.0 | 225 | CastShoot(0.14) | Empty | 0.00 | 1.00 | 113.9 | 11
  0.600 | at | 3.00 | 1.00 | 0.00 | 0.0 | 225 | CastShoot(0.16) | Empty | 0.00 | 1.00 | 113.9 | 11
  0.617 | at | 3.00 | 1.00 | 0.00 | 0.0 | 225 | CastShoot(0.18) | Empty | 0.00 | 1.00 | 113.9 | 11
  0.633 | cek | 3.02 | 1.00 | -0.02 | 1.8 | 225 | CastShoot(0.20) | Empty | 2.18 | 1.00 | 113.9 | 11
  0.650 | cek | 3.14 | 1.00 | -0.14 | 10.0 | 225 | CastShoot(0.02) | Empty | 0.00 | 1.00 | 113.9 | 11
  0.667 | cek | 3.27 | 1.00 | -0.26 | 10.0 | 225 | CastShoot(0.04) | Empty | 0.00 | 1.00 | 113.9 | 11
  0.683 | cek | 3.40 | 0.99 | -0.38 | 10.0 | 225 | CastShoot(0.06) | Empty | 0.00 | 1.00 | 113.9 | 11
  0.700 | cek | 3.53 | 0.99 | -0.49 | 10.0 | 225 | CastShoot(0.08) | Empty | 0.00 | 1.00 | 113.9 | 11
  0.717 | cek | 3.66 | 0.99 | -0.61 | 10.0 | 225 | CastShoot(0.10) | Empty | 0.00 | 1.00 | 113.9 | 11
  0.733 | cek | 3.80 | 0.98 | -0.73 | 10.0 | 225 | CastShoot(0.12) | Empty | 0.00 | 1.00 | 113.9 | 11
  0.750 | cek | 3.94 | 0.98 | -0.85 | 10.0 | 225 | CastShoot(0.14) | Empty | 0.00 | 1.00 | 113.9 | 11
  0.767 | cek | 4.08 | 0.97 | -0.97 | 10.0 | 225 | CastShoot(0.16) | Empty | 0.00 | 1.00 | 113.9 | 11
  0.783 | cek | 4.22 | 0.97 | -1.08 | 10.0 | 225 | CastShoot(0.18) | Empty | 0.00 | 1.00 | 113.9 | 11
  0.800 | cek | 4.37 | 0.96 | -1.20 | 10.0 | 225 | CastShoot(0.20) | Empty | 0.00 | 1.00 | 113.9 | 11
  0.816 | cek | 4.51 | 0.96 | -1.32 | 10.0 | 225 | CastShoot(0.22) | Empty | 0.00 | 1.00 | 113.9 | 11
  0.833 | cek | 4.66 | 0.95 | -1.44 | 10.0 | 225 | CastShoot(0.24) | Empty | 0.00 | 1.00 | 113.9 | 11
  0.850 | cek | 4.81 | 0.95 | -1.55 | 10.0 | 225 | CastShoot(0.26) | Empty | 0.00 | 1.00 | 113.9 | 11
  0.867 | cek | 4.96 | 0.94 | -1.67 | 10.0 | 225 | CastShoot(0.28) | Empty | 0.00 | 1.00 | 113.9 | 11
  0.884 | cek | 5.12 | 0.94 | -1.79 | 10.0 | 225 | CastShoot(0.30) | Empty | 0.00 | 1.00 | 113.9 | 11
  0.900 | cek | 5.27 | 0.93 | -1.91 | 10.0 | 225 | CastShoot(0.32) | Empty | 0.00 | 1.00 | 113.9 | 11
  0.916 | cek | 5.42 | 0.93 | -2.02 | 10.0 | 225 | CastShoot(0.34) | Empty | 0.00 | 1.00 | 113.9 | 22 | VURUŞ@boss5,79m
  0.933 | cek | 5.57 | 0.92 | -2.14 | 10.0 | 225 | CastShoot(0.36) | Empty | 0.00 | 1.00 | 113.9 | 22
  0.950 | cek | 5.73 | 0.92 | -2.26 | 10.0 | 225 | CastShoot(0.38) | Empty | 0.00 | 1.00 | 113.9 | 22
  0.967 | cek | 5.88 | 0.91 | -2.38 | 10.0 | 225 | CastShoot(0.40) | Empty | 0.00 | 1.00 | 113.9 | 22
  0.983 | - | 5.92 | 0.91 | -2.40 | 2.1 | 225 | CastShoot(0.42) | Empty | 2.24 | 1.11 | 113.9 | 22
  1.000 | - | 5.92 | 0.91 | -2.40 | 0.0 | 225 | CastShoot(0.44) | Empty | 1.85 | 1.09 | 113.9 | 22
  1.017 | - | 5.92 | 0.91 | -2.40 | 0.0 | 225 | CastShoot(0.46) | Empty | 1.53 | 1.07 | 113.9 | 22
  1.034 | - | 5.92 | 0.91 | -2.40 | 0.0 | 225 | Locomotion(0.05) | Empty | 1.26 | 1.06 | 113.9 | 22
  1.050 | - | 5.92 | 0.91 | -2.40 | 0.0 | 237 | Locomotion(0.07) | Empty | 1.05 | 1.05 | 113.9 | 22
  1.068 | - | 5.92 | 0.91 | -2.40 | 0.0 | 250 | Locomotion(0.08) | Empty | 0.86 | 1.04 | 113.9 | 22
  1.083 | - | 5.92 | 0.91 | -2.40 | 0.0 | 261 | Locomotion(0.09) | Empty | 0.72 | 1.03 | 113.9 | 22
  1.100 | - | 5.92 | 0.91 | -2.40 | 0.0 | 273 | Locomotion(0.10) | Empty | 0.60 | 1.03 | 113.9 | 22
  1.116 | - | 5.92 | 0.91 | -2.40 | 0.0 | 285 | Locomotion(0.11) | Empty | 0.49 | 1.02 | 113.9 | 22
  1.133 | - | 5.92 | 0.91 | -2.40 | 0.0 | 297 | Locomotion(0.12) | Empty | 0.41 | 1.02 | 113.9 | 22
  1.150 | - | 5.92 | 0.91 | -2.40 | 0.0 | 309 | Locomotion(0.13) | Empty | 0.34 | 1.02 | 113.9 | 22
  1.166 | - | 5.92 | 0.91 | -2.40 | 0.0 | 321 | Locomotion(0.14) | Empty | 0.28 | 1.01 | 113.9 | 22
  1.183 | - | 5.92 | 0.91 | -2.40 | 0.0 | 333 | Locomotion(0.15) | Empty | 0.23 | 1.01 | 113.9 | 22
  1.200 | - | 5.92 | 0.91 | -2.40 | 0.0 | 345 | Locomotion(0.16) | Empty | 0.19 | 1.01 | 113.9 | 22
  1.217 | - | 5.92 | 0.91 | -2.40 | 0.0 | 357 | Locomotion(0.17) | Empty | 0.16 | 1.01 | 113.9 | 22
  1.233 | - | 5.92 | 0.91 | -2.40 | 0.0 | 9 | Locomotion(0.18) | Empty | 0.13 | 1.01 | 113.9 | 22
  1.250 | - | 5.92 | 0.91 | -2.40 | 0.0 | 21 | Locomotion(0.19) | Empty | 0.11 | 1.01 | 113.9 | 22
  1.267 | - | 5.92 | 0.91 | -2.40 | 0.0 | 24 | Locomotion(0.20) | Empty | 0.09 | 1.00 | 113.9 | 22
  1.283 | - | 5.92 | 0.91 | -2.40 | 0.0 | 24 | Locomotion(0.21) | Empty | 0.07 | 1.00 | 113.9 | 22
  1.300 | - | 5.92 | 0.91 | -2.40 | 0.0 | 24 | Locomotion(0.22) | Empty | 0.06 | 1.00 | 113.9 | 22
  1.316 | - | 5.92 | 0.91 | -2.40 | 0.0 | 24 | Locomotion(0.23) | Empty | 0.05 | 1.00 | 113.9 | 22
  1.333 | - | 5.92 | 0.91 | -2.40 | 0.0 | 24 | Locomotion(0.24) | Empty | 0.04 | 1.00 | 113.9 | 22
  1.350 | - | 5.92 | 0.91 | -2.40 | 0.0 | 24 | Locomotion(0.25) | Empty | 0.03 | 1.00 | 113.9 | 22
  1.368 | - | 5.92 | 0.91 | -2.40 | 0.0 | 24 | Locomotion(0.26) | Empty | 0.03 | 1.00 | 113.9 | 22
  1.383 | - | 5.92 | 0.91 | -2.40 | 0.0 | 24 | Locomotion(0.26) | Empty | 0.02 | 1.00 | 113.9 | 22

=== kontrol 1-2 Emici Vuruş [Asa] başlangıç 3,0 m, kalıp kan_ceken_pence, boss r=0,70, oyuncu r=0,50, temas 1,20
  sonuç: GEÇTİ isabet=True konum=ön→ön gövde=True tek=True hata=True süre=True sıçrama_yok=True hasar=27,4 etki=[oyuncu +9 can] bacak=[1/22 kare koşu, ayak/gövde hız oranı 1,00]
  not: vuruş 3: 0,62s@boss1,40m/oyuncu1,02m 0,73s@boss0,76m/oyuncu1,02m 0,87s@boss0,39m/oyuncu1,02m
  not: kalıp sonu: merkeze 1,35 m, başlangıçtan 1,65 m, kalıp simülasyonundan 0,00 m
  not: toparlanma 0,53 sn (tablo 0,26)
  log: LOG [Motion] 1-2 → Kan çeken pençe
  log: LOG [Mechanic] 1-2/Asa: Girdap — asa ışını (hat) → kapsül 1.5m, senden hedefe hat (içine çeker, tik tik, uyumsuz silah). Etkiler: can→düşman -27.36; can→sen 8.21 [aktarim]; mermi_sil→düşman mermisi [yut]
  t | faz | merkez_m | taraf(+ön/-arka) | yan_m | hız_mps | yaw | taban_state(norm) | üst_state | Speed | Playback | bossHP | oyuncuHP
  0.016 | - | 3.00 | 1.00 | 0.00 | 0.0 | 0 | Locomotion(0.80) | Empty | 0.00 | 1.00 | 113.9 | 11
  0.033 | - | 3.00 | 1.00 | 0.00 | 0.0 | 0 | Locomotion(0.81) | Empty | 0.00 | 1.00 | 113.9 | 11
  0.050 | - | 3.00 | 1.00 | 0.00 | 0.0 | 0 | Locomotion(0.82) | Empty | 0.00 | 1.00 | 113.9 | 11
  0.066 | - | 3.00 | 1.00 | 0.00 | 0.0 | 0 | CastShoot(0.06) | Empty | 0.00 | 1.00 | 113.9 | 11
  0.083 | - | 3.00 | 1.00 | 0.00 | 0.0 | 0 | CastShoot(0.08) | Empty | 0.00 | 1.00 | 113.9 | 11
  0.100 | - | 3.00 | 1.00 | 0.00 | 0.0 | 0 | CastShoot(0.10) | Empty | 0.00 | 1.00 | 113.9 | 11
  0.116 | - | 3.00 | 1.00 | 0.00 | 0.0 | 0 | CastShoot(0.12) | Empty | 0.00 | 1.00 | 113.9 | 11
  0.133 | - | 3.00 | 1.00 | 0.00 | 0.0 | 0 | CastShoot(0.14) | Empty | 0.00 | 1.00 | 113.9 | 11
  0.150 | - | 3.00 | 1.00 | 0.00 | 0.0 | 0 | CastShoot(0.16) | Empty | 0.00 | 1.00 | 113.9 | 11
  0.167 | - | 3.00 | 1.00 | 0.00 | 0.0 | 0 | CastShoot(0.18) | Empty | 0.00 | 1.00 | 113.9 | 11
  0.183 | - | 3.00 | 1.00 | 0.00 | 0.0 | 0 | CastShoot(0.20) | Empty | 0.00 | 1.00 | 113.9 | 11
  0.200 | - | 3.00 | 1.00 | 0.00 | 0.0 | 0 | CastShoot(0.22) | Empty | 0.00 | 1.00 | 113.9 | 11
  0.217 | - | 3.00 | 1.00 | 0.00 | 0.0 | 0 | CastShoot(0.24) | Empty | 0.00 | 1.00 | 113.9 | 11
  0.233 | - | 3.00 | 1.00 | 0.00 | 0.0 | 0 | CastShoot(0.26) | Empty | 0.00 | 1.00 | 113.9 | 11
  0.250 | - | 3.00 | 1.00 | 0.00 | 0.0 | 0 | CastShoot(0.28) | Empty | 0.00 | 1.00 | 113.9 | 11
  0.267 | - | 3.00 | 1.00 | 0.00 | 0.0 | 0 | CastShoot(0.30) | Empty | 0.00 | 1.00 | 113.9 | 11
  0.283 | - | 3.00 | 1.00 | 0.00 | 0.0 | 0 | CastShoot(0.32) | Empty | 0.00 | 1.00 | 113.9 | 11
  0.300 | - | 3.00 | 1.00 | 0.00 | 0.0 | 0 | CastShoot(0.34) | Empty | 0.00 | 1.00 | 113.9 | 11
  0.317 | - | 3.00 | 1.00 | 0.00 | 0.0 | 0 | CastShoot(0.36) | Empty | 0.00 | 1.00 | 113.9 | 11
  0.333 | - | 3.00 | 1.00 | 0.00 | 0.0 | 0 | CastShoot(0.38) | Empty | 0.00 | 1.00 | 113.9 | 11
  0.350 | - | 3.00 | 1.00 | 0.00 | 0.0 | 0 | CastShoot(0.40) | Empty | 0.00 | 1.00 | 113.9 | 11
  0.366 | - | 3.00 | 1.00 | 0.00 | 0.0 | 0 | CastShoot(0.42) | Empty | 0.00 | 1.00 | 113.9 | 11
  0.383 | - | 3.00 | 1.00 | 0.00 | 0.0 | 0 | CastShoot(0.44) | Empty | 0.00 | 1.00 | 113.9 | 11
  0.400 | - | 3.00 | 1.00 | 0.00 | 0.0 | 0 | CastShoot(0.46) | Empty | 0.00 | 1.00 | 113.9 | 11
  0.417 | - | 3.00 | 1.00 | 0.00 | 0.0 | 0 | CastShoot(0.48) | Empty | 0.00 | 1.00 | 113.9 | 11
  0.433 | - | 3.00 | 1.00 | 0.00 | 0.0 | 0 | CastShoot(0.50) | Empty | 0.00 | 1.00 | 113.9 | 11
  0.450 | - | 3.00 | 1.00 | 0.00 | 0.0 | 0 | CastShoot(0.52) | Empty | 0.00 | 1.00 | 113.9 | 11
  0.466 | - | 3.00 | 1.00 | 0.00 | 0.0 | 0 | CastShoot(0.54) | Empty | 0.00 | 1.00 | 113.9 | 11
  0.483 | - | 3.00 | 1.00 | 0.00 | 0.0 | 0 | CastShoot(0.56) | Empty | 0.00 | 1.00 | 113.9 | 11
  0.500 | - | 3.00 | 1.00 | 0.00 | 0.0 | 0 | CastShoot(0.58) | Empty | 0.00 | 1.00 | 113.9 | 11
  0.516 | - | 3.00 | 1.00 | 0.00 | 0.0 | 0 | CastShoot(0.60) | Empty | 0.00 | 1.00 | 113.9 | 11
  0.533 | pence_1 | 2.90 | 1.00 | 0.00 | 5.8 | 0 | CastShoot(0.02) | Empty | 0.00 | 1.00 | 113.9 | 11
  0.550 | pence_1 | 2.81 | 1.00 | 0.00 | 5.8 | 0 | CastShoot(0.04) | Empty | 0.00 | 1.00 | 113.9 | 11
  0.566 | pence_1 | 2.71 | 1.00 | 0.00 | 5.8 | 0 | CastShoot(0.06) | Empty | 0.00 | 1.00 | 113.9 | 11
  0.583 | pence_1 | 2.61 | 1.00 | 0.00 | 5.8 | 0 | BasicStrike(0.08) | Empty | 0.00 | 1.00 | 113.9 | 11
  0.600 | pence_1 | 2.51 | 1.00 | 0.00 | 5.8 | 0 | BasicStrike(0.11) | Empty | 0.00 | 1.00 | 113.9 | 11
  0.616 | pence_1 | 2.42 | 1.00 | 0.00 | 5.8 | 0 | BasicStrike(0.14) | Empty | 0.00 | 1.00 | 104.6 | 14 | VURUŞ@boss1,40m
  0.616 | pence_1 | 2.42 | 1.00 | 0.00 | 0.0 | 0 | BasicStrike(0.17) | Empty | 0.00 | 1.00 | 104.6 | 14
  0.616 | pence_1 | 2.42 | 1.00 | 0.00 | 0.0 | 0 | BasicStrike(0.19) | Empty | 0.00 | 1.00 | 104.6 | 14
  0.616 | pence_1 | 2.42 | 1.00 | 0.00 | 0.0 | 0 | BasicStrike(0.22) | Empty | 0.00 | 1.00 | 104.6 | 14
  0.616 | pence_1 | 2.42 | 1.00 | 0.00 | 0.0 | 0 | BasicStrike(0.25) | Empty | 0.00 | 1.00 | 104.6 | 14
  0.616 | pence_1 | 2.42 | 1.00 | 0.00 | 0.0 | 0 | BasicStrike(0.28) | Empty | 0.00 | 1.00 | 104.6 | 14
  0.633 | pence_1 | 2.32 | 1.00 | 0.00 | 5.8 | 0 | BasicStrike(0.31) | Empty | 0.00 | 1.00 | 104.6 | 14
  0.649 | pence_2 | 2.23 | 1.00 | 0.00 | 5.5 | 0 | BasicStrike(0.33) | Empty | 0.00 | 1.00 | 104.6 | 14
  0.666 | pence_2 | 2.14 | 1.00 | 0.00 | 5.4 | 0 | BasicStrike(0.36) | Empty | 0.00 | 1.00 | 104.6 | 14
  0.683 | pence_2 | 2.05 | 1.00 | 0.00 | 5.4 | 0 | BasicStrike(0.39) | Empty | 0.00 | 1.00 | 104.6 | 14
  0.699 | pence_2 | 1.96 | 1.00 | 0.00 | 5.4 | 0 | BasicStrike(0.42) | Empty | 0.00 | 1.00 | 104.6 | 14
  0.716 | pence_2 | 1.87 | 1.00 | 0.00 | 5.4 | 0 | BasicStrike(0.44) | Empty | 0.00 | 1.00 | 104.6 | 14
  0.732 | pence_2 | 1.78 | 1.00 | 0.00 | 5.4 | 0 | BasicStrike(0.47) | Empty | 0.00 | 1.00 | 95.6 | 17 | VURUŞ@boss0,76m
  0.732 | pence_2 | 1.78 | 1.00 | 0.00 | 0.0 | 0 | BasicStrike(0.50) | Empty | 0.00 | 1.00 | 95.6 | 17
  0.732 | pence_2 | 1.78 | 1.00 | 0.00 | 0.0 | 0 | BasicStrike(0.53) | Empty | 0.00 | 1.00 | 95.6 | 17
  0.732 | pence_2 | 1.78 | 1.00 | 0.00 | 0.0 | 0 | BasicStrike(0.56) | Empty | 0.00 | 1.00 | 95.6 | 17
  0.732 | pence_2 | 1.78 | 1.00 | 0.00 | 0.0 | 0 | BasicStrike(0.58) | Empty | 0.00 | 1.00 | 95.6 | 17
  0.732 | pence_2 | 1.78 | 1.00 | 0.00 | 0.0 | 0 | BasicStrike(0.61) | Empty | 0.00 | 1.00 | 95.6 | 17
  0.749 | pence_2 | 1.69 | 1.00 | 0.00 | 5.4 | 0 | BasicStrike(0.64) | Empty | 0.00 | 1.00 | 95.6 | 17
  0.766 | pence_3 | 1.63 | 1.00 | 0.00 | 3.6 | 0 | BasicStrike(0.67) | Empty | 2.24 | 1.93 | 95.6 | 17
  0.783 | pence_3 | 1.59 | 1.00 | 0.00 | 2.2 | 0 | BasicStrike(0.69) | Empty | 2.24 | 1.16 | 95.6 | 17
  0.799 | pence_3 | 1.56 | 1.00 | 0.00 | 2.2 | 0 | BasicStrike(0.72) | Empty | 2.24 | 1.16 | 95.6 | 17
  0.816 | pence_3 | 1.52 | 1.00 | 0.00 | 2.2 | 0 | BasicStrike(0.75) | Empty | 2.24 | 1.16 | 95.6 | 17
  0.832 | pence_3 | 1.49 | 1.00 | 0.00 | 2.2 | 0 | BasicStrike(0.78) | Empty | 2.24 | 1.16 | 95.6 | 17
  0.849 | pence_3 | 1.45 | 1.00 | 0.00 | 2.2 | 0 | BasicStrike(0.81) | Empty | 2.24 | 1.16 | 95.6 | 17
  0.865 | pence_3 | 1.41 | 1.00 | 0.00 | 2.2 | 0 | BasicStrike(0.83) | Empty | 2.24 | 1.16 | 86.6 | 20 | VURUŞ@boss0,39m
  0.865 | pence_3 | 1.41 | 1.00 | 0.00 | 0.0 | 0 | BasicStrike(0.86) | Empty | 2.24 | 1.16 | 86.6 | 20
  0.865 | pence_3 | 1.41 | 1.00 | 0.00 | 0.0 | 0 | BasicStrike(0.89) | Empty | 2.24 | 1.16 | 86.6 | 20
  0.865 | pence_3 | 1.41 | 1.00 | 0.00 | 0.0 | 0 | Locomotion(0.13) | Empty | 2.24 | 1.16 | 86.6 | 20
  0.865 | pence_3 | 1.41 | 1.00 | 0.00 | 0.0 | 0 | Locomotion(0.16) | Empty | 2.24 | 1.16 | 86.6 | 20
  0.865 | pence_3 | 1.41 | 1.00 | 0.00 | 0.0 | 0 | Locomotion(0.18) | Empty | 2.24 | 1.16 | 86.6 | 20
  0.882 | pence_3 | 1.38 | 1.00 | 0.00 | 2.2 | 0 | Locomotion(0.21) | Empty | 2.24 | 1.16 | 86.6 | 20
  0.899 | - | 1.35 | 1.00 | 0.00 | 1.9 | 0 | Locomotion(0.23) | Empty | 2.22 | 1.00 | 86.6 | 20
  0.915 | - | 1.35 | 1.00 | 0.00 | 0.0 | 0 | Locomotion(0.25) | Empty | 1.84 | 1.00 | 86.6 | 20
  0.932 | - | 1.35 | 1.00 | 0.00 | 0.0 | 0 | Locomotion(0.26) | Empty | 1.52 | 1.00 | 86.6 | 20
  0.949 | - | 1.35 | 1.00 | 0.00 | 0.0 | 0 | Locomotion(0.28) | Empty | 1.26 | 1.00 | 86.6 | 20
  0.966 | - | 1.35 | 1.00 | 0.00 | 0.0 | 0 | Locomotion(0.29) | Empty | 1.04 | 1.00 | 86.6 | 20
  0.982 | - | 1.35 | 1.00 | 0.00 | 0.0 | 0 | Locomotion(0.30) | Empty | 0.87 | 1.00 | 86.6 | 20
  0.999 | - | 1.35 | 1.00 | 0.00 | 0.0 | 0 | Locomotion(0.31) | Empty | 0.71 | 1.00 | 86.6 | 20
  1.016 | - | 1.35 | 1.00 | 0.00 | 0.0 | 0 | Locomotion(0.33) | Empty | 0.59 | 1.00 | 86.6 | 20
  1.032 | - | 1.35 | 1.00 | 0.00 | 0.0 | 0 | Locomotion(0.34) | Empty | 0.49 | 1.00 | 86.6 | 20
  1.049 | - | 1.35 | 1.00 | 0.00 | 0.0 | 0 | Locomotion(0.35) | Empty | 0.40 | 1.00 | 86.6 | 20
  1.065 | - | 1.35 | 1.00 | 0.00 | 0.0 | 0 | Locomotion(0.36) | Empty | 0.34 | 1.00 | 86.6 | 20
  1.082 | - | 1.35 | 1.00 | 0.00 | 0.0 | 0 | Locomotion(0.37) | Empty | 0.28 | 1.00 | 86.6 | 20
  1.099 | - | 1.35 | 1.00 | 0.00 | 0.0 | 0 | Locomotion(0.38) | Empty | 0.23 | 1.00 | 86.6 | 20
  1.115 | - | 1.35 | 1.00 | 0.00 | 0.0 | 0 | Locomotion(0.39) | Empty | 0.19 | 1.00 | 86.6 | 20
  1.132 | - | 1.35 | 1.00 | 0.00 | 0.0 | 0 | Locomotion(0.40) | Empty | 0.16 | 1.00 | 86.6 | 20
  1.148 | - | 1.35 | 1.00 | 0.00 | 0.0 | 0 | Locomotion(0.40) | Empty | 0.13 | 1.00 | 86.6 | 20
  1.165 | - | 1.35 | 1.00 | 0.00 | 0.0 | 0 | Locomotion(0.41) | Empty | 0.11 | 1.00 | 86.6 | 20
  1.182 | - | 1.35 | 1.00 | 0.00 | 0.0 | 0 | Locomotion(0.42) | Empty | 0.09 | 1.00 | 86.6 | 20
  1.198 | - | 1.35 | 1.00 | 0.00 | 0.0 | 0 | Locomotion(0.43) | Empty | 0.07 | 1.00 | 86.6 | 20
  1.215 | - | 1.35 | 1.00 | 0.00 | 0.0 | 0 | Locomotion(0.44) | Empty | 0.06 | 1.00 | 86.6 | 20
  1.232 | - | 1.35 | 1.00 | 0.00 | 0.0 | 0 | Locomotion(0.45) | Empty | 0.05 | 1.00 | 86.6 | 20
  1.249 | - | 1.35 | 1.00 | 0.00 | 0.0 | 0 | Locomotion(0.46) | Empty | 0.04 | 1.00 | 86.6 | 20

=== kontrol 4-2 Emici Kalkan [Asa] başlangıç 3,0 m, kalıp kalkan_calma, boss r=0,70, oyuncu r=0,50, temas 1,20
  sonuç: GEÇTİ isabet=True konum=ön→ön gövde=True tek=True hata=True süre=True sıçrama_yok=True hasar=38,0 etki=[] bacak=[0/12 kare koşu]
  not: vuruş 1: 0,65s@boss0,73m/oyuncu1,28m
  not: kalıp sonu: merkeze 1,50 m, başlangıçtan 1,50 m, kalıp simülasyonundan 0,00 m
  not: toparlanma 0,53 sn (tablo 0,26)
  log: LOG [Motion] 4-2 → Kalkan çalma
  log: LOG [Mechanic] 4-2/Asa: Girdap · Emme/çalma — asa ışını (hat) → küre 1.5m, senden hedefe hat (katı, içine çeker, tik tik, uyumsuz silah). Etkiler: can→düşman -38 [emme]; kalkan→sen 38 [aktarim]; mermi_sil→düşman mermisi [yut]
  t | faz | merkez_m | taraf(+ön/-arka) | yan_m | hız_mps | yaw | taban_state(norm) | üst_state | Speed | Playback | bossHP | oyuncuHP
  0.016 | - | 3.00 | 1.00 | 0.00 | 0.0 | 225 | Locomotion(0.83) | Empty | 0.00 | 1.00 | 86.6 | 11
  0.033 | - | 3.00 | 1.00 | 0.00 | 0.0 | 225 | Locomotion(0.84) | Empty | 0.00 | 1.00 | 86.6 | 11
  0.050 | - | 3.00 | 1.00 | 0.00 | 0.0 | 225 | Locomotion(0.85) | Empty | 0.00 | 1.00 | 86.6 | 11
  0.066 | - | 3.00 | 1.00 | 0.00 | 0.0 | 225 | CastGuard(0.07) | Empty | 0.00 | 1.00 | 86.6 | 11
  0.083 | - | 3.00 | 1.00 | 0.00 | 0.0 | 225 | CastGuard(0.10) | Empty | 0.00 | 1.00 | 86.6 | 11
  0.100 | - | 3.00 | 1.00 | 0.00 | 0.0 | 225 | CastGuard(0.13) | Empty | 0.00 | 1.00 | 86.6 | 11
  0.117 | - | 3.00 | 1.00 | 0.00 | 0.0 | 225 | CastGuard(0.15) | Empty | 0.00 | 1.00 | 86.6 | 11
  0.133 | - | 3.00 | 1.00 | 0.00 | 0.0 | 225 | CastGuard(0.18) | Empty | 0.00 | 1.00 | 86.6 | 11
  0.150 | - | 3.00 | 1.00 | 0.00 | 0.0 | 225 | CastGuard(0.20) | Empty | 0.00 | 1.00 | 86.6 | 11
  0.166 | - | 3.00 | 1.00 | 0.00 | 0.0 | 225 | CastGuard(0.22) | Empty | 0.00 | 1.00 | 86.6 | 11
  0.183 | - | 3.00 | 1.00 | 0.00 | 0.0 | 225 | CastGuard(0.25) | Empty | 0.00 | 1.00 | 86.6 | 11
  0.200 | - | 3.00 | 1.00 | 0.00 | 0.0 | 225 | CastGuard(0.27) | Empty | 0.00 | 1.00 | 86.6 | 11
  0.216 | - | 3.00 | 1.00 | 0.00 | 0.0 | 225 | CastGuard(0.30) | Empty | 0.00 | 1.00 | 86.6 | 11
  0.233 | - | 3.00 | 1.00 | 0.00 | 0.0 | 225 | CastGuard(0.33) | Empty | 0.00 | 1.00 | 86.6 | 11
  0.250 | - | 3.00 | 1.00 | 0.00 | 0.0 | 225 | CastGuard(0.35) | Empty | 0.00 | 1.00 | 86.6 | 11
  0.267 | - | 3.00 | 1.00 | 0.00 | 0.0 | 225 | CastGuard(0.38) | Empty | 0.00 | 1.00 | 86.6 | 11
  0.284 | - | 3.00 | 1.00 | 0.00 | 0.0 | 225 | CastGuard(0.40) | Empty | 0.00 | 1.00 | 86.6 | 11
  0.300 | - | 3.00 | 1.00 | 0.00 | 0.0 | 225 | CastGuard(0.43) | Empty | 0.00 | 1.00 | 86.6 | 11
  0.316 | - | 3.00 | 1.00 | 0.00 | 0.0 | 225 | CastGuard(0.45) | Empty | 0.00 | 1.00 | 86.6 | 11
  0.333 | - | 3.00 | 1.00 | 0.00 | 0.0 | 225 | CastGuard(0.48) | Empty | 0.00 | 1.00 | 86.6 | 11
  0.350 | - | 3.00 | 1.00 | 0.00 | 0.0 | 225 | CastGuard(0.50) | Empty | 0.00 | 1.00 | 86.6 | 11
  0.367 | - | 3.00 | 1.00 | 0.00 | 0.0 | 225 | CastGuard(0.53) | Empty | 0.00 | 1.00 | 86.6 | 11
  0.383 | - | 3.00 | 1.00 | 0.00 | 0.0 | 225 | CastGuard(0.55) | Empty | 0.00 | 1.00 | 86.6 | 11
  0.400 | - | 3.00 | 1.00 | 0.00 | 0.0 | 225 | CastGuard(0.57) | Empty | 0.00 | 1.00 | 86.6 | 11
  0.417 | - | 3.00 | 1.00 | 0.00 | 0.0 | 225 | CastGuard(0.60) | Empty | 0.00 | 1.00 | 86.6 | 11
  0.433 | - | 3.00 | 1.00 | 0.00 | 0.0 | 225 | CastGuard(0.63) | Empty | 0.00 | 1.00 | 86.6 | 11
  0.450 | - | 3.00 | 1.00 | 0.00 | 0.0 | 225 | CastGuard(0.65) | Empty | 0.00 | 1.00 | 86.6 | 11
  0.466 | - | 3.00 | 1.00 | 0.00 | 0.0 | 225 | CastGuard(0.67) | Empty | 0.00 | 1.00 | 86.6 | 11
  0.483 | - | 3.00 | 1.00 | 0.00 | 0.0 | 225 | CastGuard(0.70) | Empty | 0.00 | 1.00 | 86.6 | 11
  0.500 | - | 3.00 | 1.00 | 0.00 | 0.0 | 225 | CastGuard(0.73) | Empty | 0.00 | 1.00 | 86.6 | 11
  0.517 | - | 3.00 | 1.00 | 0.00 | 0.0 | 225 | CastGuard(0.75) | Empty | 0.00 | 1.00 | 86.6 | 11
  0.533 | vur | 2.88 | 1.00 | 0.00 | 7.5 | 0 | CastGuard(0.02) | Empty | 0.00 | 1.00 | 86.6 | 11
  0.550 | vur | 2.75 | 1.00 | 0.00 | 7.5 | 0 | CastGuard(0.05) | Empty | 0.00 | 1.00 | 86.6 | 11
  0.567 | vur | 2.63 | 1.00 | 0.00 | 7.5 | 0 | CastGuard(0.07) | Empty | 0.00 | 1.00 | 86.6 | 11
  0.583 | vur | 2.50 | 1.00 | 0.00 | 7.5 | 0 | BasicStrike(0.08) | Empty | 0.00 | 1.00 | 86.6 | 11
  0.600 | vur | 2.38 | 1.00 | 0.00 | 7.5 | 0 | BasicStrike(0.11) | Empty | 0.00 | 1.00 | 86.6 | 11
  0.615 | vur | 2.26 | 1.00 | 0.00 | 7.5 | 0 | BasicStrike(0.14) | Empty | 0.00 | 1.00 | 86.6 | 11
  0.633 | vur | 2.13 | 1.00 | 0.00 | 7.5 | 0 | BasicStrike(0.17) | Empty | 0.00 | 1.00 | 86.6 | 11
  0.650 | vur | 2.00 | 1.00 | 0.00 | 7.5 | 0 | BasicStrike(0.19) | Empty | 0.00 | 1.00 | 48.6 | 11 | VURUŞ@boss0,73m
  0.666 | vur | 1.88 | 1.00 | 0.00 | 7.5 | 0 | BasicStrike(0.22) | Empty | 0.00 | 1.00 | 48.6 | 11
  0.683 | vur | 1.75 | 1.00 | 0.00 | 7.5 | 0 | BasicStrike(0.25) | Empty | 0.00 | 1.00 | 48.6 | 11
  0.700 | vur | 1.63 | 1.00 | 0.00 | 7.5 | 0 | BasicStrike(0.28) | Empty | 0.00 | 1.00 | 48.6 | 11
  0.716 | vur | 1.50 | 1.00 | 0.00 | 7.5 | 0 | BasicStrike(0.31) | Empty | 0.00 | 1.00 | 48.6 | 11
  0.733 | - | 1.50 | 1.00 | 0.00 | 0.2 | 0 | BasicStrike(0.33) | Empty | 0.22 | 1.00 | 48.6 | 11
  0.750 | - | 1.50 | 1.00 | 0.00 | 0.0 | 348 | BasicStrike(0.36) | Empty | 0.18 | 1.00 | 48.6 | 11
  0.766 | - | 1.50 | 1.00 | 0.00 | 0.0 | 336 | BasicStrike(0.39) | Empty | 0.15 | 1.00 | 48.6 | 11
  0.783 | - | 1.50 | 1.00 | 0.00 | 0.0 | 324 | BasicStrike(0.42) | Empty | 0.12 | 1.00 | 48.6 | 11
  0.800 | - | 1.50 | 1.00 | 0.00 | 0.0 | 312 | BasicStrike(0.44) | Empty | 0.10 | 1.00 | 48.6 | 11
  0.816 | - | 1.50 | 1.00 | 0.00 | 0.0 | 300 | BasicStrike(0.47) | Empty | 0.08 | 1.00 | 48.6 | 11
  0.833 | - | 1.50 | 1.00 | 0.00 | 0.0 | 288 | BasicStrike(0.50) | Empty | 0.07 | 1.00 | 48.6 | 11
  0.850 | - | 1.50 | 1.00 | 0.00 | 0.0 | 276 | BasicStrike(0.53) | Empty | 0.06 | 1.00 | 48.6 | 11
  0.866 | - | 1.50 | 1.00 | 0.00 | 0.0 | 264 | BasicStrike(0.55) | Empty | 0.05 | 1.00 | 48.6 | 11
  0.883 | - | 1.50 | 1.00 | 0.00 | 0.0 | 252 | BasicStrike(0.58) | Empty | 0.04 | 1.00 | 48.6 | 11
  0.900 | - | 1.50 | 1.00 | 0.00 | 0.0 | 240 | BasicStrike(0.61) | Empty | 0.03 | 1.00 | 48.6 | 11
  0.917 | - | 1.50 | 1.00 | 0.00 | 0.0 | 228 | BasicStrike(0.64) | Empty | 0.03 | 1.00 | 48.6 | 11
  0.933 | - | 1.50 | 1.00 | 0.00 | 0.0 | 216 | BasicStrike(0.67) | Empty | 0.02 | 1.00 | 48.6 | 11
  0.950 | - | 1.50 | 1.00 | 0.00 | 0.0 | 214 | BasicStrike(0.69) | Empty | 0.02 | 1.00 | 48.6 | 11
  0.967 | - | 1.50 | 1.00 | 0.00 | 0.0 | 214 | BasicStrike(0.72) | Empty | 0.02 | 1.00 | 48.6 | 11
  0.983 | - | 1.50 | 1.00 | 0.00 | 0.0 | 214 | BasicStrike(0.75) | Empty | 0.01 | 1.00 | 48.6 | 11
  1.000 | - | 1.50 | 1.00 | 0.00 | 0.0 | 214 | BasicStrike(0.78) | Empty | 0.01 | 1.00 | 48.6 | 11
  1.016 | - | 1.50 | 1.00 | 0.00 | 0.0 | 214 | BasicStrike(0.80) | Empty | 0.01 | 1.00 | 48.6 | 11
  1.034 | - | 1.50 | 1.00 | 0.00 | 0.0 | 214 | BasicStrike(0.83) | Empty | 0.01 | 1.00 | 48.6 | 11
  1.050 | - | 1.50 | 1.00 | 0.00 | 0.0 | 214 | BasicStrike(0.86) | Empty | 0.01 | 1.00 | 48.6 | 11
  1.067 | - | 1.50 | 1.00 | 0.00 | 0.0 | 214 | BasicStrike(0.89) | Empty | 0.00 | 1.00 | 48.6 | 11

