# Play taraması playcheck @ 1x — 9/9 geçti @ 1x (Kılıç: 9/9)
Yere basma en kötü (havada değil ≤ 0.05 m × kare/(1/60), bitiş+0,30 sn ≤ 0.03 m, hızdan bağımsız): 1-11 canlı 0,00 m / iniş 0,00 m, 2-2 canlı 0,00 m / iniş 0,00 m, 12-11 canlı 0,00 m / iniş 0,00 m, 6-9 canlı 0,00 m / iniş 0,00 m, 1-2 canlı 0,00 m / iniş 0,00 m, 11-1 canlı 0,00 m / iniş 0,00 m, 1-1 canlı 0,00 m / iniş 0,00 m, 4-2 canlı 0,00 m / iniş 0,00 m

===  11-1 Yoğun Çağrı [Kılıç] başlangıç 3,0 m, kalıp sirt_saplama, boss r=0,85, oyuncu r=0,50, temas 1,35
  sonuç: GEÇTİ isabet=True konum=ön→ön gövde=True tek=True hata=True süre=True sıçrama_yok=True yerde=True ayak=0,00/0,00 hasar=37416,0 etki=[boss:Burn] bacak=[0/9 kare koşu]
  not: vuruş 1: 0,80s@boss0,00m/oyuncu1,97m
  not: kalıp sonu: merkeze 1,98 m, başlangıçtan 1,10 m, kalıp simülasyonundan 0,00 m
  log: LOG [Motion] 11-1 → Uzaktan sırt saplama
  log: LOG [Mechanic] 11-1/Kılıç: Sert — kılıç yayı → nokta 0.6m, önünde yay (tek hedef, uyumsuz silah). Etkiler: aktor_yarat→sen 1 2.5sn [guclu,silahla:yay]
  log: LOG [SkillExecutor] 11-1 → Summon r=0,55 menzil=2,4 süre=5 x1
  t | faz | merkez_m | taraf(+ön/-arka) | yan_m | hız_mps | yaw | taban_state(norm) | üst_state | Speed | Playback | bossHP | oyuncuHP
  0.017 | - | 3.00 | 1.00 | 0.00 | 0.0 | 0 | Locomotion(0.45) | Empty | 0.00 | 1.00 | 77055060.0 | 500000000
  0.034 | - | 3.00 | 1.00 | 0.00 | 0.0 | 0 | Locomotion(0.46) | Empty | 0.00 | 1.00 | 77055060.0 | 500000000
  0.050 | - | 3.00 | 1.00 | 0.00 | 0.0 | 0 | Locomotion(0.47) | Empty | 0.00 | 1.00 | 77055060.0 | 500000000
  0.067 | - | 3.00 | 1.00 | 0.00 | 0.0 | 0 | Locomotion(0.48) | Empty | 0.00 | 1.00 | 77055060.0 | 500000000
  0.084 | - | 3.00 | 1.00 | 0.00 | 0.0 | 0 | Locomotion(0.49) | Empty | 0.00 | 1.00 | 77055060.0 | 500000000
  0.101 | - | 3.00 | 1.00 | 0.00 | 0.0 | 0 | Locomotion(0.50) | Empty | 0.00 | 1.00 | 77055060.0 | 500000000
  0.117 | - | 3.00 | 1.00 | 0.00 | 0.0 | 0 | Locomotion(0.50) | Empty | 0.00 | 1.00 | 77055060.0 | 500000000
  0.134 | - | 3.00 | 1.00 | 0.00 | 0.0 | 0 | Locomotion(0.51) | Empty | 0.00 | 1.00 | 77055060.0 | 500000000
  0.150 | - | 3.00 | 1.00 | 0.00 | 0.0 | 0 | Locomotion(0.52) | Empty | 0.00 | 1.00 | 77055060.0 | 500000000
  0.167 | - | 3.00 | 1.00 | 0.00 | 0.0 | 0 | Locomotion(0.53) | Empty | 0.00 | 1.00 | 77055060.0 | 500000000
  0.184 | - | 3.00 | 1.00 | 0.00 | 0.0 | 0 | Locomotion(0.54) | Empty | 0.00 | 1.00 | 77055060.0 | 500000000
  0.200 | - | 3.00 | 1.00 | 0.00 | 0.0 | 0 | Locomotion(0.55) | Empty | 0.00 | 1.00 | 77055060.0 | 500000000
  0.218 | - | 3.00 | 1.00 | 0.00 | 0.0 | 0 | Locomotion(0.56) | Empty | 0.00 | 1.00 | 77055060.0 | 500000000
  0.234 | - | 3.00 | 1.00 | 0.00 | 0.0 | 0 | Locomotion(0.57) | Empty | 0.00 | 1.00 | 77055060.0 | 500000000
  0.250 | - | 3.00 | 1.00 | 0.00 | 0.0 | 0 | Locomotion(0.58) | Empty | 0.00 | 1.00 | 77055060.0 | 500000000
  0.267 | - | 3.00 | 1.00 | 0.00 | 0.0 | 0 | Locomotion(0.59) | Empty | 0.00 | 1.00 | 77055060.0 | 500000000
  0.284 | - | 3.00 | 1.00 | 0.00 | 0.0 | 0 | Locomotion(0.60) | Empty | 0.00 | 1.00 | 77055060.0 | 500000000
  0.301 | - | 3.00 | 1.00 | 0.00 | 0.0 | 0 | Locomotion(0.60) | Empty | 0.00 | 1.00 | 77055060.0 | 500000000
  0.318 | - | 3.00 | 1.00 | 0.00 | 0.0 | 0 | Locomotion(0.61) | Empty | 0.00 | 1.00 | 77055060.0 | 500000000
  0.333 | - | 3.00 | 1.00 | 0.00 | 0.0 | 0 | Locomotion(0.62) | Empty | 0.00 | 1.00 | 77055060.0 | 500000000
  0.351 | - | 3.00 | 1.00 | 0.00 | 0.0 | 0 | Locomotion(0.63) | Empty | 0.00 | 1.00 | 77055060.0 | 500000000
  0.367 | - | 3.00 | 1.00 | 0.00 | 0.0 | 0 | Locomotion(0.64) | Empty | 0.00 | 1.00 | 77055060.0 | 500000000
  0.384 | - | 3.00 | 1.00 | 0.00 | 0.0 | 0 | Locomotion(0.65) | Empty | 0.00 | 1.00 | 77055060.0 | 500000000
  0.400 | - | 3.00 | 1.00 | 0.00 | 0.0 | 0 | Locomotion(0.66) | Empty | 0.00 | 1.00 | 77055060.0 | 500000000
  0.417 | kapan | 2.86 | 1.00 | 0.00 | 8.0 | 0 | Locomotion(0.67) | Empty | 0.00 | 1.00 | 77055060.0 | 500000000
  0.434 | kapan | 2.73 | 1.00 | 0.00 | 8.0 | 0 | Locomotion(0.68) | Empty | 0.00 | 1.00 | 77023020.0 | 500000000
  0.450 | kapan | 2.60 | 1.00 | 0.00 | 8.0 | 360 | Locomotion(0.69) | Empty | 0.00 | 1.00 | 77022920.0 | 500000000
  0.468 | kapan | 2.47 | 1.00 | 0.00 | 8.0 | 0 | BasicStrike(0.08) | Empty | 0.00 | 1.00 | 77022820.0 | 500000000
  0.484 | kapan | 2.35 | 1.00 | 0.00 | 8.0 | 360 | BasicStrike(0.11) | Empty | 0.00 | 1.00 | 77022720.0 | 500000000
  0.501 | kapan | 2.22 | 1.00 | 0.00 | 8.0 | 360 | BasicStrike(0.14) | Empty | 0.00 | 1.00 | 77022620.0 | 500000000
  0.517 | kapan | 2.09 | 1.00 | 0.00 | 8.0 | 0 | BasicStrike(0.17) | Empty | 0.00 | 1.00 | 77022530.0 | 500000000
  0.534 | kapan | 1.96 | 1.00 | 0.00 | 8.0 | 0 | BasicStrike(0.19) | Empty | 0.00 | 1.00 | 77022420.0 | 500000000
  0.551 | belir | 1.93 | 1.00 | 0.00 | 1.9 | 0 | BasicStrike(0.22) | Empty | 2.24 | 1.00 | 77022320.0 | 500000000
  0.567 | belir | 1.94 | 1.00 | 0.00 | 0.0 | 0 | BasicStrike(0.25) | Empty | 0.00 | 1.00 | 77022220.0 | 500000000
  0.584 | belir | 1.94 | 1.00 | 0.00 | 0.0 | 0 | BasicStrike(0.28) | Empty | 0.00 | 1.00 | 77022130.0 | 500000000
  0.600 | belir | 1.94 | 1.00 | 0.00 | 0.0 | 0 | BasicStrike(0.30) | UpperCastChannel | 0.00 | 1.00 | 77022030.0 | 500000000
  0.617 | belir | 1.95 | 1.00 | 0.00 | 0.0 | 0 | BasicStrike(0.33) | UpperCastChannel | 0.00 | 1.00 | 77021930.0 | 500000000
  0.633 | belir | 1.95 | 1.00 | 0.00 | 0.0 | 0 | BasicStrike(0.36) | UpperCastChannel | 0.00 | 1.00 | 77021830.0 | 500000000
  0.650 | belir | 1.95 | 1.00 | 0.00 | 0.0 | 0 | BasicStrike(0.39) | UpperCastChannel | 0.00 | 1.00 | 77021730.0 | 500000000
  0.668 | belir | 1.96 | 1.00 | 0.00 | 0.0 | 0 | BasicStrike(0.42) | UpperCastChannel | 0.00 | 1.00 | 77021620.0 | 500000000
  0.684 | belir | 1.96 | 1.00 | 0.00 | 0.0 | 0 | BasicStrike(0.44) | UpperCastChannel | 0.00 | 1.00 | 77021530.0 | 500000000
  0.701 | belir | 1.96 | 1.00 | 0.00 | 0.0 | 0 | BasicStrike(0.47) | UpperCastChannel | 0.00 | 1.00 | 77021420.0 | 500000000
  0.717 | belir | 1.96 | 1.00 | 0.00 | 0.0 | 0 | BasicStrike(0.50) | UpperCastChannel | 0.00 | 1.00 | 77021330.0 | 500000000
  0.733 | sap | 1.97 | 1.00 | 0.00 | 0.0 | 0 | BasicStrike(0.53) | UpperCastChannel | 0.00 | 1.00 | 77021230.0 | 500000000
  0.751 | sap | 1.97 | 1.00 | 0.00 | 0.0 | 0 | BasicStrike(0.56) | UpperCastChannel | 0.00 | 1.00 | 77021130.0 | 500000000
  0.767 | sap | 1.97 | 1.00 | 0.00 | 0.0 | 0 | BasicStrike(0.58) | UpperCastChannel | 0.00 | 1.00 | 77021030.0 | 500000000
  0.784 | sap | 1.97 | 1.00 | 0.00 | 0.0 | 0 | BasicStrike(0.61) | UpperCastChannel | 0.00 | 1.00 | 77020940.0 | 500000000
  0.801 | sap | 1.97 | 1.00 | 0.00 | 0.0 | 0 | BasicStrike(0.64) | UpperCastChannel | 0.00 | 1.00 | 77020830.0 | 500000000 | VURUŞ@boss0,00m
  0.812 | sap | 1.98 | 1.00 | 0.00 | 0.0 | 0 | BasicStrike(0.66) | UpperCastChannel | 0.00 | 1.00 | 77020760.0 | 500000000
  0.833 | sap | 1.98 | 1.00 | 0.00 | 0.0 | 0 | BasicStrike(0.69) | UpperCastChannel | 0.00 | 1.00 | 77020630.0 | 500000000
  0.851 | sap | 1.98 | 1.00 | 0.00 | 0.0 | 0 | BasicStrike(0.72) | UpperCastChannel | 0.00 | 1.00 | 77020530.0 | 500000000
  0.867 |  | 1.98 | 1.00 | 0.00 | 0.0 | 0 | BasicStrike(0.75) | UpperCastChannel | 0.00 | 1.00 | 77020430.0 | 500000000
  0.884 | - | 1.98 | 1.00 | 0.00 | 0.0 | 0 | BasicStrike(0.78) | UpperCastChannel | 0.00 | 1.00 | 77020340.0 | 500000000
  0.901 | - | 1.98 | 1.00 | 0.00 | 0.0 | 0 | BasicStrike(0.81) | UpperCastChannel | 0.00 | 1.00 | 77020230.0 | 500000000
  0.917 | - | 1.98 | 1.00 | 0.00 | 0.0 | 0 | BasicStrike(0.83) | UpperCastChannel | 0.00 | 1.00 | 77020140.0 | 500000000
  0.934 | - | 1.99 | 1.00 | 0.00 | 0.0 | 0 | BasicStrike(0.86) | UpperCastChannel | 0.00 | 1.00 | 77020040.0 | 500000000
  0.951 | - | 1.99 | 1.00 | 0.00 | 0.0 | 0 | BasicStrike(0.89) | UpperCastChannel | 0.00 | 1.00 | 77019940.0 | 500000000
  0.967 | - | 1.99 | 1.00 | 0.00 | 0.0 | 0 | Locomotion(0.04) | UpperCastChannel | 0.00 | 1.00 | 77019840.0 | 500000000
  0.984 | - | 1.99 | 1.00 | 0.00 | 0.0 | 0 | Locomotion(0.05) | UpperCastChannel | 0.00 | 1.00 | 77019740.0 | 500000000
  1.000 | - | 1.99 | 1.00 | 0.00 | 0.0 | 0 | Locomotion(0.06) | UpperCastChannel | 0.00 | 1.00 | 77019640.0 | 500000000
  1.017 | - | 1.99 | 1.00 | 0.00 | 0.0 | 0 | Locomotion(0.07) | UpperCastChannel | 0.00 | 1.00 | 77019540.0 | 500000000
  1.034 | - | 1.99 | 1.00 | 0.00 | 0.0 | 0 | Locomotion(0.08) | UpperCastChannel | 0.00 | 1.00 | 77019440.0 | 500000000
  1.050 | - | 1.99 | 1.00 | 0.00 | 0.0 | 0 | Locomotion(0.09) | UpperCastChannel | 0.00 | 1.00 | 77019340.0 | 500000000
  1.067 | - | 1.99 | 1.00 | 0.00 | 0.0 | 0 | Locomotion(0.10) | UpperCastChannel | 0.00 | 1.00 | 77019230.0 | 500000000
  1.084 | - | 1.99 | 1.00 | 0.00 | 0.0 | 0 | Locomotion(0.11) | UpperCastChannel | 0.00 | 1.00 | 77019130.0 | 500000000
  1.101 | - | 2.00 | 1.00 | 0.00 | 0.0 | 0 | Locomotion(0.12) | UpperCastChannel | 0.00 | 1.00 | 77019030.0 | 500000000
  1.117 | - | 2.00 | 1.00 | 0.00 | 0.0 | 0 | Locomotion(0.13) | UpperCastChannel | 0.00 | 1.00 | 77018940.0 | 500000000
  1.134 | - | 2.00 | 1.00 | 0.00 | 0.0 | 0 | Locomotion(0.14) | UpperCastChannel | 0.00 | 1.00 | 77018830.0 | 500000000
  1.151 | - | 2.00 | 1.00 | 0.00 | 0.0 | 0 | Locomotion(0.14) | UpperCastChannel | 0.00 | 1.00 | 77018740.0 | 500000000
  1.167 | - | 2.00 | 1.00 | 0.00 | 0.0 | 0 | Locomotion(0.15) | UpperCastChannel | 0.00 | 1.00 | 77018640.0 | 500000000
  1.184 | - | 2.00 | 1.00 | 0.00 | 0.0 | 0 | Locomotion(0.16) | UpperCastChannel | 0.00 | 1.00 | 77018540.0 | 500000000
  1.200 | - | 2.00 | 1.00 | 0.00 | 0.0 | 0 | Locomotion(0.17) | UpperCastChannel | 0.00 | 1.00 | 77018440.0 | 500000000
  1.217 | - | 2.00 | 1.00 | 0.00 | 0.0 | 0 | Locomotion(0.18) | UpperCastChannel | 0.00 | 1.00 | 77018340.0 | 500000000
  1.234 | - | 2.00 | 1.00 | 0.00 | 0.0 | 0 | Locomotion(0.19) | UpperCastChannel | 0.00 | 1.00 | 77018240.0 | 500000000
  1.250 | - | 2.00 | 1.00 | 0.00 | 0.0 | 0 | Locomotion(0.20) | UpperCastChannel | 0.00 | 1.00 | 77018140.0 | 500000000
  1.267 | - | 2.00 | 1.00 | 0.00 | 0.0 | 0 | Locomotion(0.21) | UpperCastChannel | 0.00 | 1.00 | 77018040.0 | 500000000
  1.284 | - | 2.00 | 1.00 | 0.00 | 0.0 | 0 | Locomotion(0.22) | UpperCastChannel | 0.00 | 1.00 | 77017940.0 | 500000000
  1.304 | - | 2.00 | 1.00 | 0.00 | 0.0 | 0 | Locomotion(0.23) | UpperCastChannel | 0.00 | 1.00 | 77017820.0 | 500000000
  1.316 | - | 2.00 | 1.00 | 0.00 | 0.0 | 0 | Locomotion(0.24) | UpperCastChannel | 0.00 | 1.00 | 77017740.0 | 500000000
  1.333 | - | 2.00 | 1.00 | 0.00 | 0.0 | 0 | Locomotion(0.24) | UpperCastChannel | 0.00 | 1.00 | 77017640.0 | 500000000

===  12-11 Kopya Zaman [Kılıç] başlangıç 3,0 m, kalıp geri_sarma, boss r=0,85, oyuncu r=0,50, temas 1,35
  sonuç: GEÇTİ isabet=True konum=başlangıç→başlangıç gövde=True tek=True hata=True süre=True sıçrama_yok=True yerde=True ayak=0,00/0,00 hasar=287560,0 etki=[boss:Burn+Slow, boss hız x0,70] bacak=[0/32 kare koşu]
  not: kalıp sonu: merkeze 4,52 m, başlangıçtan 0,00 m, kalıp simülasyonundan 0,00 m, boss 1,52 m kaydı
  log: LOG [Motion] 12-11 → Geri sarma
  log: LOG [Mechanic] 12-11/Kılıç: Yankı · Çift — kılıç yayı → silindir 4m, önünde yay (2 kez (kopya), uyumsuz silah). Etkiler: tempo→düşman 0.7 1sn [iki_kez]; onceki_skill_tekrar→sen 1 [yanki]
  t | faz | merkez_m | taraf(+ön/-arka) | yan_m | hız_mps | yaw | taban_state(norm) | üst_state | Speed | Playback | bossHP | oyuncuHP
  0.017 | - | 3.01 | 1.00 | 0.00 | 0.0 | 0 | Locomotion(0.33) | Empty | 0.00 | 1.00 | 76729580.0 | 500000000
  0.034 | - | 3.02 | 1.00 | 0.00 | 0.0 | 0 | Locomotion(0.34) | Empty | 0.00 | 1.00 | 76729580.0 | 500000000
  0.050 | - | 3.03 | 1.00 | 0.00 | 0.0 | 0 | Locomotion(0.35) | Empty | 0.00 | 1.00 | 76729580.0 | 500000000
  0.067 | - | 3.03 | 1.00 | 0.00 | 0.0 | 0 | Locomotion(0.35) | Empty | 0.00 | 1.00 | 76729580.0 | 500000000
  0.084 | - | 3.04 | 1.00 | 0.00 | 0.0 | 0 | Locomotion(0.36) | Empty | 0.00 | 1.00 | 76729580.0 | 500000000
  0.100 | - | 3.05 | 1.00 | 0.00 | 0.0 | 0 | Locomotion(0.37) | Empty | 0.00 | 1.00 | 76729580.0 | 500000000
  0.117 | - | 3.05 | 1.00 | 0.00 | 0.0 | 0 | Locomotion(0.38) | Empty | 0.00 | 1.00 | 76729580.0 | 500000000
  0.134 | - | 3.06 | 1.00 | 0.00 | 0.0 | 0 | Locomotion(0.39) | Empty | 0.00 | 1.00 | 76729580.0 | 500000000
  0.150 | - | 3.06 | 1.00 | 0.00 | 0.0 | 0 | Locomotion(0.40) | Empty | 0.00 | 1.00 | 76729580.0 | 500000000
  0.167 | - | 3.07 | 1.00 | 0.00 | 0.0 | 0 | Locomotion(0.41) | Empty | 0.00 | 1.00 | 76729580.0 | 500000000
  0.184 | - | 3.08 | 1.00 | 0.00 | 0.0 | 0 | Locomotion(0.42) | Empty | 0.00 | 1.00 | 76729580.0 | 500000000
  0.201 | - | 3.08 | 1.00 | 0.00 | 0.0 | 0 | Locomotion(0.43) | Empty | 0.00 | 1.00 | 76729580.0 | 500000000
  0.217 | - | 3.08 | 1.00 | 0.00 | 0.0 | 0 | Locomotion(0.44) | Empty | 0.00 | 1.00 | 76729580.0 | 500000000
  0.234 | - | 3.09 | 1.00 | 0.00 | 0.0 | 0 | Locomotion(0.45) | Empty | 0.00 | 1.00 | 76729580.0 | 500000000
  0.251 | - | 3.09 | 1.00 | 0.00 | 0.0 | 0 | Locomotion(0.45) | Empty | 0.00 | 1.00 | 76729580.0 | 500000000
  0.267 | - | 3.10 | 1.00 | 0.00 | 0.0 | 0 | Locomotion(0.46) | Empty | 0.00 | 1.00 | 76729580.0 | 500000000
  0.283 | - | 3.10 | 1.00 | 0.00 | 0.0 | 0 | Locomotion(0.47) | Empty | 0.00 | 1.00 | 76729580.0 | 500000000
  0.301 | - | 3.10 | 1.00 | 0.00 | 0.0 | 0 | Locomotion(0.48) | Empty | 0.00 | 1.00 | 76729580.0 | 500000000
  0.317 | - | 3.11 | 1.00 | 0.00 | 0.0 | 0 | Locomotion(0.49) | Empty | 0.00 | 1.00 | 76729580.0 | 500000000
  0.333 | - | 3.11 | 1.00 | 0.00 | 0.0 | 0 | Locomotion(0.50) | Empty | 0.00 | 1.00 | 76729580.0 | 500000000
  0.352 | - | 3.11 | 1.00 | 0.00 | 0.0 | 0 | Locomotion(0.51) | Empty | 0.00 | 1.00 | 76729580.0 | 500000000
  0.367 | - | 3.12 | 1.00 | 0.00 | 0.0 | 0 | Locomotion(0.52) | Empty | 0.00 | 1.00 | 76729580.0 | 500000000
  0.384 | - | 3.12 | 1.00 | 0.00 | 0.0 | 0 | Locomotion(0.53) | Empty | 0.00 | 1.00 | 76698800.0 | 500000000
  0.396 | - | 3.12 | 1.00 | 0.00 | 0.0 | 0 | Locomotion(0.53) | Empty | 0.00 | 1.00 | 76698800.0 | 500000000
  0.417 | capa | 3.12 | 1.00 | 0.00 | 0.0 | 0 | Locomotion(0.55) | Empty | 0.00 | 1.00 | 76698800.0 | 500000000
  0.430 | capa | 3.19 | 1.00 | 0.00 | 0.0 | 360 | Locomotion(0.55) | Empty | 0.00 | 1.00 | 76698720.0 | 500000000
  0.450 | capa | 3.26 | 1.00 | 0.00 | 0.0 | 0 | Locomotion(0.56) | Empty | 0.00 | 1.00 | 76698600.0 | 500000000
  0.467 | capa | 3.33 | 1.00 | 0.00 | 0.0 | 360 | CastChannel(0.05) | Empty | 0.00 | 1.00 | 76698500.0 | 500000000
  0.483 | capa | 3.38 | 1.00 | -0.01 | 0.0 | 0 | CastChannel(0.07) | Empty | 0.00 | 1.00 | 76698400.0 | 500000000
  0.502 | capa | 3.45 | 1.00 | 0.00 | 0.0 | 360 | CastChannel(0.08) | Empty | 0.00 | 1.00 | 76698290.0 | 500000000
  0.517 | capa | 3.51 | 1.00 | 0.00 | 0.0 | 0 | CastChannel(0.10) | Empty | 0.00 | 1.00 | 76698190.0 | 500000000
  0.533 | capa | 3.56 | 1.00 | 0.00 | 0.0 | 360 | CastChannel(0.12) | Empty | 0.00 | 1.00 | 76698100.0 | 500000000
  0.550 | atil | 3.48 | 1.00 | 0.00 | 7.5 | 0 | CastChannel(0.13) | Empty | 0.00 | 1.00 | 76697990.0 | 500000000
  0.567 | atil | 3.38 | 1.00 | 0.00 | 9.1 | 0 | CastChannel(0.15) | Empty | 0.00 | 1.00 | 76697890.0 | 500000000
  0.583 | atil | 3.27 | 1.00 | 0.00 | 9.5 | 0 | CastChannel(0.17) | Empty | 0.00 | 1.00 | 76697790.0 | 500000000
  0.600 | atil | 3.14 | 1.00 | 0.00 | 9.8 | 0 | CastPierce(0.06) | Empty | 0.00 | 1.00 | 76697690.0 | 500000000
  0.617 | atil | 3.01 | 1.00 | 0.00 | 10.2 | 0 | CastPierce(0.08) | Empty | 0.00 | 1.00 | 76697580.0 | 500000000
  0.634 | atil | 2.87 | 1.00 | 0.00 | 10.4 | 0 | CastPierce(0.10) | Empty | 0.00 | 1.00 | 76697480.0 | 500000000
  0.650 | atil | 2.73 | 1.00 | 0.00 | 10.7 | 0 | CastPierce(0.12) | Empty | 0.00 | 1.00 | 76697380.0 | 500000000
  0.666 | atil | 2.59 | 1.00 | 0.00 | 10.9 | 0 | CastPierce(0.14) | Empty | 0.00 | 1.00 | 76697290.0 | 500000000
  0.684 | atil | 2.43 | 1.00 | 0.00 | 11.2 | 0 | CastPierce(0.16) | Empty | 0.00 | 1.00 | 76697180.0 | 500000000
  0.701 | atil | 2.27 | 1.00 | 0.00 | 11.4 | 0 | CastPierce(0.18) | Empty | 0.00 | 1.00 | 76697080.0 | 500000000
  0.717 | atil | 2.11 | 1.00 | 0.00 | 11.6 | 0 | CastPierce(0.20) | Empty | 0.00 | 1.00 | 76696980.0 | 500000000
  0.733 | atil | 1.95 | 1.00 | 0.00 | 11.7 | 0 | CastPierce(0.22) | Empty | 0.00 | 1.00 | 76489770.0 | 500000000
  0.733 | atil | 1.95 | 1.00 | 0.00 | 0.0 | 0 | CastPierce(0.24) | Empty | 0.00 | 1.00 | 76489770.0 | 500000000
  0.733 | atil | 1.95 | 1.00 | 0.00 | 0.0 | 0 | CastPierce(0.26) | Empty | 0.00 | 1.00 | 76489770.0 | 500000000
  0.733 | atil | 1.95 | 1.00 | 0.00 | 0.0 | 0 | CastPierce(0.28) | Empty | 0.00 | 1.00 | 76489770.0 | 500000000
  0.733 | atil | 1.95 | 1.00 | 0.00 | 0.0 | 0 | CastPierce(0.30) | Empty | 0.00 | 1.00 | 76489770.0 | 500000000
  0.733 | atil | 1.95 | 1.00 | 0.00 | 0.0 | 0 | CastPierce(0.32) | Empty | 0.00 | 1.00 | 76489770.0 | 500000000
  0.750 | atil | 1.78 | 1.00 | 0.00 | 11.9 | 0 | CastPierce(0.34) | Empty | 0.00 | 1.00 | 76489670.0 | 500000000
  0.766 | atil | 1.60 | 1.00 | 0.00 | 12.0 | 0 | CastPierce(0.36) | Empty | 0.00 | 1.00 | 76489580.0 | 500000000
  0.783 | bekle | 1.50 | 1.00 | 0.00 | 7.6 | 0 | CastPierce(0.38) | Empty | 0.00 | 1.00 | 76489470.0 | 500000000
  0.800 | bekle | 1.52 | 1.00 | 0.00 | 0.0 | 0 | CastPierce(0.40) | Empty | 0.00 | 1.00 | 76489370.0 | 500000000
  0.816 | bekle | 1.54 | 1.00 | 0.00 | 0.0 | 0 | CastPierce(0.42) | Empty | 0.00 | 1.00 | 76489270.0 | 500000000
  0.832 | bekle | 1.56 | 1.00 | 0.00 | 0.0 | 0 | CastPierce(0.44) | Empty | 0.00 | 1.00 | 76489180.0 | 500000000
  0.849 | bekle | 1.58 | 1.00 | 0.00 | 0.0 | 0 | Locomotion(0.03) | Empty | 0.00 | 1.00 | 76489080.0 | 500000000
  0.866 | bekle | 1.60 | 1.00 | 0.00 | 0.0 | 0 | Locomotion(0.04) | Empty | 0.00 | 1.00 | 76488980.0 | 500000000
  0.883 | bekle | 1.62 | 1.00 | 0.00 | 0.0 | 0 | Locomotion(0.05) | Empty | 0.00 | 1.00 | 76488880.0 | 500000000
  0.900 | bekle | 1.63 | 1.00 | 0.00 | 0.0 | 0 | Locomotion(0.05) | Empty | 0.00 | 1.00 | 76488780.0 | 500000000
  0.917 | bekle | 1.65 | 1.00 | 0.00 | 0.0 | 0 | Locomotion(0.06) | Empty | 0.00 | 1.00 | 76488670.0 | 500000000
  0.933 | bekle | 1.66 | 1.00 | 0.00 | 0.0 | 0 | Locomotion(0.07) | Empty | 0.00 | 1.00 | 76488580.0 | 500000000
  0.949 | bekle | 1.68 | 1.00 | 0.00 | 0.0 | 0 | Locomotion(0.08) | Empty | 0.00 | 1.00 | 76488480.0 | 500000000
  0.966 | bekle | 1.69 | 1.00 | 0.00 | 0.0 | 0 | Locomotion(0.09) | Empty | 0.00 | 1.00 | 76488380.0 | 500000000
  0.982 | bekle | 1.70 | 1.00 | 0.00 | 0.0 | 0 | Locomotion(0.10) | Empty | 0.00 | 1.00 | 76488280.0 | 500000000
  1.000 | bekle | 1.72 | 1.00 | 0.00 | 0.0 | 0 | Locomotion(0.11) | Empty | 0.00 | 1.00 | 76488180.0 | 500000000
  1.016 | bekle | 1.73 | 1.00 | 0.00 | 0.0 | 0 | Locomotion(0.12) | Empty | 0.00 | 1.00 | 76488080.0 | 500000000
  1.033 | bekle | 1.74 | 1.00 | 0.00 | 0.0 | 0 | Locomotion(0.13) | Empty | 0.00 | 1.00 | 76487980.0 | 500000000
  1.049 | bekle | 1.75 | 1.00 | 0.00 | 0.0 | 0 | Locomotion(0.14) | Empty | 0.00 | 1.00 | 76487890.0 | 500000000
  1.066 | bekle | 1.76 | 1.00 | 0.00 | 0.0 | 0 | Locomotion(0.15) | Empty | 0.00 | 1.00 | 76487780.0 | 500000000
  1.083 | bekle | 1.77 | 1.00 | 0.00 | 0.0 | 0 | Locomotion(0.15) | Empty | 0.00 | 1.00 | 76487690.0 | 500000000
  1.099 | bekle | 1.78 | 1.00 | 0.00 | 0.0 | 0 | Locomotion(0.16) | Empty | 0.00 | 1.00 | 76487590.0 | 500000000
  1.116 | bekle | 1.78 | 1.00 | 0.00 | 0.0 | 0 | Locomotion(0.17) | Empty | 0.00 | 1.00 | 76487500.0 | 500000000
  1.133 | bekle | 1.79 | 1.00 | 0.00 | 0.0 | 0 | Locomotion(0.18) | Empty | 0.00 | 1.00 | 76487390.0 | 500000000
  1.149 | bekle | 1.80 | 1.00 | 0.00 | 0.0 | 0 | Locomotion(0.19) | Empty | 0.00 | 1.00 | 76487300.0 | 500000000
  1.166 | bekle | 1.81 | 1.00 | 0.00 | 0.0 | 0 | Locomotion(0.20) | Empty | 0.00 | 1.00 | 76487200.0 | 500000000
  1.183 | bekle | 1.81 | 1.00 | 0.00 | 0.0 | 0 | Locomotion(0.21) | Empty | 0.00 | 1.00 | 76487100.0 | 500000000
  1.200 | bekle | 1.82 | 1.00 | 0.00 | 0.0 | 0 | Locomotion(0.22) | Empty | 0.00 | 1.00 | 76486990.0 | 500000000
  1.216 | bekle | 1.82 | 1.00 | 0.00 | 0.0 | 0 | Locomotion(0.23) | Empty | 0.00 | 1.00 | 76486900.0 | 500000000
  1.233 | bekle | 1.83 | 1.00 | 0.00 | 0.0 | 0 | Locomotion(0.24) | Empty | 0.00 | 1.00 | 76486800.0 | 500000000
  1.250 | bekle | 1.84 | 1.00 | 0.00 | 0.0 | 0 | Locomotion(0.25) | Empty | 0.00 | 1.00 | 76486700.0 | 500000000
  1.266 | bekle | 1.84 | 1.00 | 0.00 | 0.0 | 0 | Locomotion(0.25) | Empty | 0.00 | 1.00 | 76486600.0 | 500000000
  1.283 | bekle | 1.85 | 1.00 | 0.00 | 0.0 | 0 | Locomotion(0.26) | Empty | 0.00 | 1.00 | 76486500.0 | 500000000
  1.299 | bekle | 1.85 | 1.00 | 0.00 | 0.0 | 0 | Locomotion(0.27) | Empty | 0.00 | 1.00 | 76486410.0 | 500000000
  1.316 | bekle | 1.85 | 1.00 | 0.00 | 0.0 | 0 | Locomotion(0.28) | Empty | 0.00 | 1.00 | 76486300.0 | 500000000
  1.332 | bekle | 1.86 | 1.00 | 0.00 | 0.0 | 0 | Locomotion(0.29) | Empty | 0.00 | 1.00 | 76486210.0 | 500000000
  1.349 | bekle | 1.86 | 1.00 | 0.00 | 0.0 | 0 | Locomotion(0.30) | Empty | 0.00 | 1.00 | 76486100.0 | 500000000
  1.366 | bekle | 1.87 | 1.00 | 0.00 | 0.0 | 0 | Locomotion(0.31) | Empty | 0.00 | 1.00 | 76486010.0 | 500000000
  1.382 | bekle | 1.87 | 1.00 | 0.00 | 0.0 | 0 | Locomotion(0.32) | Empty | 0.00 | 1.00 | 76485900.0 | 500000000
  1.400 | bekle | 1.87 | 1.00 | 0.00 | 0.0 | 0 | Locomotion(0.33) | Empty | 0.00 | 1.00 | 76454730.0 | 500000000
  1.413 | bekle | 1.88 | 1.00 | 0.00 | 0.0 | 0 | Locomotion(0.33) | Empty | 0.00 | 1.00 | 76454660.0 | 500000000
  1.433 | bekle | 1.88 | 1.00 | 0.00 | 0.0 | 0 | Locomotion(0.35) | Empty | 0.00 | 1.00 | 76454540.0 | 500000000
  1.449 | bekle | 1.88 | 1.00 | 0.00 | 0.0 | 0 | Locomotion(0.35) | Empty | 0.00 | 1.00 | 76454440.0 | 500000000
  1.466 | bekle | 1.88 | 1.00 | 0.00 | 0.0 | 0 | Locomotion(0.36) | Empty | 0.00 | 1.00 | 76454340.0 | 500000000
  1.483 | bekle | 1.89 | 1.00 | 0.00 | 0.0 | 0 | Locomotion(0.37) | Empty | 0.00 | 1.00 | 76454240.0 | 500000000
  1.500 | bekle | 1.89 | 1.00 | 0.00 | 0.0 | 0 | Locomotion(0.38) | Empty | 0.00 | 1.00 | 76454140.0 | 500000000
  1.516 | bekle | 1.89 | 1.00 | 0.00 | 0.0 | 0 | Locomotion(0.39) | Empty | 0.00 | 1.00 | 76454040.0 | 500000000
  1.533 | bekle | 1.89 | 1.00 | 0.00 | 0.0 | 0 | Locomotion(0.40) | Empty | 0.00 | 1.00 | 76453940.0 | 500000000
  1.550 | bekle | 1.90 | 1.00 | 0.00 | 0.0 | 0 | Locomotion(0.41) | Empty | 0.00 | 1.00 | 76453830.0 | 500000000
  1.566 | bekle | 1.90 | 1.00 | 0.00 | 0.0 | 0 | Locomotion(0.42) | Empty | 0.00 | 1.00 | 76453740.0 | 500000000
  1.583 | bekle | 1.90 | 1.00 | 0.00 | 0.0 | 0 | Locomotion(0.43) | Empty | 0.00 | 1.00 | 76453630.0 | 500000000
  1.599 | bekle | 1.90 | 1.00 | 0.00 | 0.0 | 0 | Locomotion(0.44) | Empty | 0.00 | 1.00 | 76453540.0 | 500000000
  1.617 | bekle | 1.90 | 1.00 | 0.00 | 0.0 | 0 | Locomotion(0.45) | Empty | 0.00 | 1.00 | 76453430.0 | 500000000
  1.633 | bekle | 1.90 | 1.00 | 0.00 | 0.0 | 0 | Locomotion(0.45) | Empty | 0.00 | 1.00 | 76453340.0 | 500000000
  1.650 | bekle | 1.91 | 1.00 | 0.00 | 0.0 | 0 | Locomotion(0.46) | Empty | 0.00 | 1.00 | 76453240.0 | 500000000
  1.666 | bekle | 1.91 | 1.00 | 0.00 | 0.0 | 0 | Locomotion(0.47) | Empty | 0.00 | 1.00 | 76453140.0 | 500000000
  1.683 | bekle | 1.91 | 1.00 | 0.00 | 0.0 | 0 | Locomotion(0.48) | Empty | 0.00 | 1.00 | 76453040.0 | 500000000
  1.699 | bekle | 1.91 | 1.00 | 0.00 | 0.0 | 0 | Locomotion(0.49) | Empty | 0.00 | 1.00 | 76452940.0 | 500000000
  1.716 | bekle | 1.91 | 1.00 | 0.00 | 0.0 | 0 | Locomotion(0.50) | Empty | 0.00 | 1.00 | 76452850.0 | 500000000
  1.733 | bekle | 1.91 | 1.00 | 0.00 | 0.0 | 0 | Locomotion(0.51) | Empty | 0.00 | 1.00 | 76452740.0 | 500000000
  1.749 | bekle | 1.91 | 1.00 | 0.00 | 0.0 | 0 | Locomotion(0.52) | Empty | 0.00 | 1.00 | 76452650.0 | 500000000
  1.766 | bekle | 1.91 | 1.00 | 0.00 | 0.0 | 0 | Locomotion(0.53) | Empty | 0.00 | 1.00 | 76452540.0 | 500000000
  1.783 | bekle | 1.92 | 1.00 | 0.00 | 0.0 | 0 | Locomotion(0.54) | Empty | 0.00 | 1.00 | 76452450.0 | 500000000
  1.799 | bekle | 1.92 | 1.00 | 0.00 | 0.0 | 0 | Locomotion(0.54) | Empty | 0.00 | 1.00 | 76452350.0 | 500000000
  1.816 | bekle | 1.92 | 1.00 | 0.00 | 0.0 | 0 | Locomotion(0.55) | Empty | 0.00 | 1.00 | 76452250.0 | 500000000
  1.833 | bekle | 1.92 | 1.00 | 0.00 | 0.0 | 0 | Locomotion(0.56) | Empty | 0.00 | 1.00 | 76452140.0 | 500000000
  1.849 | bekle | 1.92 | 1.00 | 0.00 | 0.0 | 0 | Locomotion(0.57) | Empty | 0.00 | 1.00 | 76452050.0 | 500000000
  1.867 | bekle | 1.92 | 1.00 | 0.00 | 0.0 | 0 | Locomotion(0.58) | Empty | 0.00 | 1.00 | 76451940.0 | 500000000
  1.882 | bekle | 1.92 | 1.00 | 0.00 | 0.0 | 0 | Locomotion(0.59) | Empty | 0.00 | 1.00 | 76451850.0 | 500000000
  1.900 | bekle | 1.92 | 1.00 | 0.00 | 0.0 | 0 | Locomotion(0.60) | Empty | 0.00 | 1.00 | 76451740.0 | 500000000
  1.916 | bekle | 1.92 | 1.00 | 0.00 | 0.0 | 0 | Locomotion(0.61) | Empty | 0.00 | 1.00 | 76451650.0 | 500000000
  1.933 | bekle | 1.92 | 1.00 | 0.00 | 0.0 | 0 | Locomotion(0.62) | Empty | 0.00 | 1.00 | 76451540.0 | 500000000
  1.950 | bekle | 1.92 | 1.00 | 0.00 | 0.0 | 0 | Locomotion(0.63) | Empty | 0.00 | 1.00 | 76451450.0 | 500000000
  1.966 | bekle | 1.92 | 1.00 | 0.00 | 0.0 | 0 | Locomotion(0.64) | Empty | 0.00 | 1.00 | 76451350.0 | 500000000
  1.982 | bekle | 1.92 | 1.00 | 0.00 | 0.0 | 0 | Locomotion(0.64) | Empty | 0.00 | 1.00 | 76451250.0 | 500000000
  2.000 | bekle | 1.92 | 1.00 | 0.00 | 0.0 | 0 | Locomotion(0.65) | Empty | 0.00 | 1.00 | 76451140.0 | 500000000
  2.016 | bekle | 1.92 | 1.00 | 0.00 | 0.0 | 0 | Locomotion(0.66) | Empty | 0.00 | 1.00 | 76451050.0 | 500000000
  2.033 | bekle | 1.92 | 1.00 | 0.00 | 0.0 | 0 | Locomotion(0.67) | Empty | 0.00 | 1.00 | 76450940.0 | 500000000
  2.049 | bekle | 1.93 | 1.00 | 0.00 | 0.0 | 0 | Locomotion(0.68) | Empty | 0.00 | 1.00 | 76450840.0 | 500000000
  2.066 | bekle | 1.93 | 1.00 | 0.00 | 0.0 | 0 | Locomotion(0.69) | Empty | 0.00 | 1.00 | 76450740.0 | 500000000
  2.083 | bekle | 1.93 | 1.00 | 0.00 | 0.0 | 0 | Locomotion(0.70) | Empty | 0.00 | 1.00 | 76450640.0 | 500000000
  2.100 | bekle | 1.93 | 1.00 | 0.00 | 0.0 | 0 | Locomotion(0.71) | Empty | 0.00 | 1.00 | 76450540.0 | 500000000
  2.116 | bekle | 1.93 | 1.00 | 0.00 | 0.0 | 0 | Locomotion(0.72) | Empty | 0.00 | 1.00 | 76450440.0 | 500000000
  2.133 | bekle | 1.93 | 1.00 | 0.00 | 0.0 | 0 | Locomotion(0.73) | Empty | 0.00 | 1.00 | 76450340.0 | 500000000
  2.149 | bekle | 1.93 | 1.00 | 0.00 | 0.0 | 0 | Locomotion(0.74) | Empty | 0.00 | 1.00 | 76450250.0 | 500000000
  2.166 | bekle | 1.93 | 1.00 | 0.00 | 0.0 | 0 | Locomotion(0.75) | Empty | 0.00 | 1.00 | 76450140.0 | 500000000
  2.183 | bekle | 1.93 | 1.00 | 0.00 | 0.0 | 0 | Locomotion(0.75) | Empty | 0.00 | 1.00 | 76450040.0 | 500000000
  2.200 | bekle | 1.93 | 1.00 | 0.00 | 0.0 | 0 | Locomotion(0.76) | Empty | 0.00 | 1.00 | 76449940.0 | 500000000
  2.216 | bekle | 1.93 | 1.00 | 0.00 | 0.0 | 0 | Locomotion(0.77) | Empty | 0.00 | 1.00 | 76449840.0 | 500000000
  2.236 | bekle | 1.93 | 1.00 | 0.00 | 0.0 | 0 | Locomotion(0.78) | Empty | 0.00 | 1.00 | 76449720.0 | 500000000
  2.250 | bekle | 1.93 | 1.00 | 0.00 | 0.0 | 0 | Locomotion(0.79) | Empty | 0.00 | 1.00 | 76449630.0 | 500000000
  2.266 | bekle | 1.93 | 1.00 | 0.00 | 0.0 | 0 | Locomotion(0.80) | Empty | 0.00 | 1.00 | 76449540.0 | 500000000
  2.284 | bekle | 1.93 | 1.00 | 0.00 | 0.0 | 0 | Locomotion(0.81) | Empty | 0.00 | 1.00 | 76449430.0 | 500000000
  2.301 | bekle | 1.93 | 1.00 | 0.00 | 0.0 | 0 | Locomotion(0.82) | Empty | 0.00 | 1.00 | 76449330.0 | 500000000
  2.318 | bekle | 1.93 | 1.00 | 0.00 | 0.0 | 0 | Locomotion(0.83) | Empty | 0.00 | 1.00 | 76449220.0 | 500000000
  2.334 | bekle | 1.93 | 1.00 | 0.00 | 0.0 | 0 | Locomotion(0.84) | Empty | 0.00 | 1.00 | 76449130.0 | 500000000
  2.351 | bekle | 1.93 | 1.00 | 0.00 | 0.0 | 0 | Locomotion(0.85) | Empty | 0.00 | 1.00 | 76449020.0 | 500000000
  2.366 | bekle | 1.93 | 1.00 | 0.00 | 0.0 | 0 | Locomotion(0.85) | Empty | 0.00 | 1.00 | 76448940.0 | 500000000
  2.385 | bekle | 1.93 | 1.00 | 0.00 | 0.0 | 0 | Locomotion(0.86) | Empty | 0.00 | 1.00 | 76448820.0 | 500000000
  2.400 | bekle | 1.93 | 1.00 | 0.00 | 0.0 | 0 | Locomotion(0.87) | Empty | 0.00 | 1.00 | 76448730.0 | 500000000
  2.417 | bekle | 1.93 | 1.00 | 0.00 | 0.0 | 0 | Locomotion(0.88) | Empty | 0.00 | 1.00 | 76448630.0 | 500000000
  2.449 | bekle | 1.93 | 1.00 | 0.00 | 0.0 | 0 | Locomotion(0.90) | Empty | 0.00 | 1.00 | 76448440.0 | 500000000
  2.457 | bekle | 1.93 | 1.00 | 0.00 | 0.0 | 0 | Locomotion(0.90) | Empty | 0.00 | 1.00 | 76448390.0 | 500000000
  2.472 | bekle | 1.93 | 1.00 | 0.00 | 0.0 | 0 | Locomotion(0.91) | Empty | 0.00 | 1.00 | 76448300.0 | 500000000
  2.488 | bekle | 1.93 | 1.00 | 0.00 | 0.0 | 0 | Locomotion(0.92) | Empty | 0.00 | 1.00 | 76448210.0 | 500000000
  2.504 | bekle | 1.93 | 1.00 | 0.00 | 0.0 | 0 | Locomotion(0.93) | Empty | 0.00 | 1.00 | 76448110.0 | 500000000
  2.521 | bekle | 1.93 | 1.00 | 0.00 | 0.0 | 0 | Locomotion(0.94) | Empty | 0.00 | 1.00 | 76448010.0 | 500000000
  2.538 | bekle | 1.93 | 1.00 | 0.00 | 0.0 | 0 | Locomotion(0.95) | Empty | 0.00 | 1.00 | 76447910.0 | 500000000
  2.554 | bekle | 1.93 | 1.00 | 0.00 | 0.0 | 0 | Locomotion(0.96) | Empty | 0.00 | 1.00 | 76447820.0 | 500000000
  2.571 | bekle | 1.93 | 1.00 | 0.00 | 0.0 | 0 | Locomotion(0.97) | Empty | 0.00 | 1.00 | 76447710.0 | 500000000
  2.588 | bekle | 1.93 | 1.00 | 0.00 | 0.0 | 0 | Locomotion(0.98) | Empty | 0.00 | 1.00 | 76447610.0 | 500000000
  2.605 | bekle | 1.93 | 1.00 | 0.00 | 0.0 | 0 | Locomotion(0.98) | Empty | 0.00 | 1.00 | 76447500.0 | 500000000
  2.621 | bekle | 1.93 | 1.00 | 0.00 | 0.0 | 0 | Locomotion(0.99) | Empty | 0.00 | 1.00 | 76447410.0 | 500000000
  2.638 | bekle | 1.93 | 1.00 | 0.00 | 0.0 | 0 | Locomotion(1.00) | Empty | 0.00 | 1.00 | 76447300.0 | 500000000
  2.655 | bekle | 1.93 | 1.00 | 0.00 | 0.0 | 0 | Locomotion(1.01) | Empty | 0.00 | 1.00 | 76447200.0 | 500000000
  2.671 | bekle | 1.93 | 1.00 | 0.00 | 0.0 | 0 | Locomotion(1.02) | Empty | 0.00 | 1.00 | 76447100.0 | 500000000
  2.688 | bekle | 1.93 | 1.00 | 0.00 | 0.0 | 0 | Locomotion(1.03) | Empty | 0.00 | 1.00 | 76447000.0 | 500000000
  2.704 | bekle | 1.93 | 1.00 | 0.00 | 0.0 | 0 | Locomotion(1.04) | Empty | 0.00 | 1.00 | 76446900.0 | 500000000
  2.721 | bekle | 1.93 | 1.00 | 0.00 | 0.0 | 0 | Locomotion(1.05) | Empty | 0.00 | 1.00 | 76446810.0 | 500000000
  2.738 | bekle | 1.93 | 1.00 | 0.00 | 0.0 | 0 | Locomotion(1.06) | Empty | 0.00 | 1.00 | 76446710.0 | 500000000
  2.755 | bekle | 1.93 | 1.00 | 0.00 | 0.0 | 0 | Locomotion(1.07) | Empty | 0.00 | 1.00 | 76446610.0 | 500000000
  2.771 | bekle | 1.93 | 1.00 | 0.00 | 0.0 | 0 | Locomotion(1.08) | Empty | 0.00 | 1.00 | 76446510.0 | 500000000
  2.788 | don | 2.05 | 1.00 | 0.00 | 6.6 | 180 | Locomotion(1.08) | Empty | 0.00 | 1.00 | 76446410.0 | 500000000
  2.805 | don | 2.20 | 1.00 | 0.00 | 9.2 | 180 | Locomotion(1.09) | Empty | 0.00 | 1.00 | 76446300.0 | 500000000
  2.822 | don | 2.36 | 1.00 | 0.00 | 9.2 | 180 | Locomotion(1.10) | Empty | 0.00 | 1.00 | 76446200.0 | 500000000
  2.838 | don | 2.50 | 1.00 | 0.00 | 9.2 | 180 | CastPierce(0.06) | Empty | 0.00 | 1.00 | 76446100.0 | 500000000
  2.855 | don | 2.66 | 1.00 | 0.00 | 9.2 | 180 | CastPierce(0.08) | Empty | 0.00 | 1.00 | 76446000.0 | 500000000
  2.871 | don | 2.81 | 1.00 | 0.00 | 9.2 | 180 | CastPierce(0.10) | Empty | 0.00 | 1.00 | 76445900.0 | 500000000
  2.888 | don | 2.97 | 1.00 | 0.00 | 9.2 | 180 | CastPierce(0.12) | Empty | 0.00 | 1.00 | 76445800.0 | 500000000
  2.904 | don | 3.12 | 1.00 | 0.00 | 9.2 | 180 | CastPierce(0.14) | Empty | 0.00 | 1.00 | 76445700.0 | 500000000
  2.921 | don | 3.28 | 1.00 | 0.00 | 9.2 | 180 | CastPierce(0.16) | Empty | 0.00 | 1.00 | 76445600.0 | 500000000
  2.938 | don | 3.43 | 1.00 | 0.00 | 9.2 | 180 | CastPierce(0.18) | Empty | 0.00 | 1.00 | 76445500.0 | 500000000
  2.955 | don | 3.58 | 1.00 | 0.00 | 9.2 | 180 | CastPierce(0.20) | Empty | 0.00 | 1.00 | 76445400.0 | 500000000
  2.971 | don | 3.73 | 1.00 | 0.00 | 9.2 | 180 | CastPierce(0.22) | Empty | 0.00 | 1.00 | 76445300.0 | 500000000
  2.989 | don | 3.90 | 1.00 | 0.00 | 9.2 | 180 | CastPierce(0.24) | Empty | 0.00 | 1.00 | 76445200.0 | 500000000
  3.005 | don | 4.05 | 1.00 | 0.00 | 9.2 | 180 | CastPierce(0.26) | Empty | 0.00 | 1.00 | 76445100.0 | 500000000
  3.021 | don | 4.20 | 1.00 | 0.00 | 9.2 | 180 | CastPierce(0.28) | Empty | 0.00 | 1.00 | 76445010.0 | 500000000
  3.038 | don | 4.35 | 1.00 | 0.00 | 9.2 | 180 | CastPierce(0.30) | Empty | 0.00 | 1.00 | 76444910.0 | 500000000
  3.055 | don | 4.51 | 1.00 | 0.00 | 9.2 | 180 | CastPierce(0.32) | Empty | 0.00 | 1.00 | 76444810.0 | 500000000
  3.071 |  | 4.52 | 1.00 | 0.00 | 0.6 | 180 | CastPierce(0.34) | Empty | 0.76 | 1.00 | 76444710.0 | 500000000
  3.088 | - | 4.52 | 1.00 | 0.00 | 0.0 | 180 | CastPierce(0.36) | Empty | 0.76 | 1.00 | 76444610.0 | 500000000
  3.104 | - | 4.52 | 1.00 | 0.00 | 0.0 | 168 | CastPierce(0.38) | Empty | 0.63 | 1.00 | 76444510.0 | 500000000
  3.122 | - | 4.52 | 1.00 | 0.00 | 0.0 | 155 | Locomotion(0.03) | Empty | 0.52 | 1.00 | 76444410.0 | 500000000
  3.138 | - | 4.52 | 1.00 | 0.00 | 0.0 | 144 | Locomotion(0.04) | Empty | 0.43 | 1.00 | 76444310.0 | 500000000
  3.155 | - | 4.52 | 1.00 | 0.00 | 0.0 | 132 | Locomotion(0.05) | Empty | 0.36 | 1.00 | 76444210.0 | 500000000
  3.171 | - | 4.52 | 1.00 | 0.00 | 0.0 | 120 | Locomotion(0.06) | Empty | 0.30 | 1.00 | 76444110.0 | 500000000
  3.188 | - | 4.52 | 1.00 | 0.00 | 0.0 | 108 | Locomotion(0.07) | Empty | 0.25 | 1.00 | 76444020.0 | 500000000
  3.205 | - | 4.52 | 1.00 | 0.00 | 0.0 | 96 | Locomotion(0.08) | Empty | 0.20 | 1.00 | 76443910.0 | 500000000
  3.222 | - | 4.52 | 1.00 | 0.00 | 0.0 | 83 | Locomotion(0.09) | Empty | 0.17 | 1.00 | 76443810.0 | 500000000
  3.238 | - | 4.52 | 1.00 | 0.00 | 0.0 | 72 | Locomotion(0.10) | Empty | 0.14 | 1.00 | 76443710.0 | 500000000
  3.255 | - | 4.52 | 1.00 | 0.00 | 0.0 | 60 | Locomotion(0.11) | Empty | 0.11 | 1.00 | 76443610.0 | 500000000
  3.271 | - | 4.52 | 1.00 | 0.00 | 0.0 | 48 | Locomotion(0.12) | Empty | 0.10 | 1.00 | 76443510.0 | 500000000
  3.288 | - | 4.52 | 1.00 | 0.00 | 0.0 | 36 | Locomotion(0.13) | Empty | 0.08 | 1.00 | 76443410.0 | 500000000
  3.304 | - | 4.52 | 1.00 | 0.00 | 0.0 | 24 | Locomotion(0.14) | Empty | 0.07 | 1.00 | 76443310.0 | 500000000
  3.322 | - | 4.52 | 1.00 | 0.00 | 0.0 | 12 | Locomotion(0.15) | Empty | 0.05 | 1.00 | 76443210.0 | 500000000
  3.338 | - | 4.52 | 1.00 | 0.00 | 0.0 | 0 | Locomotion(0.16) | Empty | 0.04 | 1.00 | 76443110.0 | 500000000
  3.354 | - | 4.52 | 1.00 | 0.00 | 0.0 | 0 | Locomotion(0.17) | Empty | 0.04 | 1.00 | 76443020.0 | 500000000
  3.371 | - | 4.52 | 1.00 | 0.00 | 0.0 | 0 | Locomotion(0.18) | Empty | 0.03 | 1.00 | 76442910.0 | 500000000
  3.388 | - | 4.52 | 1.00 | 0.00 | 0.0 | 0 | Locomotion(0.19) | Empty | 0.03 | 1.00 | 76442810.0 | 500000000
  3.405 | - | 4.52 | 1.00 | 0.00 | 0.0 | 0 | Locomotion(0.19) | Empty | 0.02 | 1.00 | 76442710.0 | 500000000
  3.421 | - | 4.52 | 1.00 | 0.00 | 0.0 | 0 | Locomotion(0.20) | Empty | 0.02 | 1.00 | 76442620.0 | 500000000
  3.438 | - | 4.52 | 1.00 | 0.00 | 0.0 | 0 | Locomotion(0.21) | Empty | 0.01 | 1.00 | 76442510.0 | 500000000
  3.455 | - | 4.52 | 1.00 | 0.00 | 0.0 | 0 | Locomotion(0.22) | Empty | 0.01 | 1.00 | 76442420.0 | 500000000
  3.471 | - | 4.52 | 1.00 | 0.00 | 0.0 | 0 | Locomotion(0.23) | Empty | 0.01 | 1.00 | 76442320.0 | 500000000
  3.488 | - | 4.52 | 1.00 | 0.00 | 0.0 | 0 | Locomotion(0.24) | Empty | 0.01 | 1.00 | 76442220.0 | 500000000
  3.504 | - | 4.52 | 1.00 | 0.00 | 0.0 | 0 | Locomotion(0.25) | Empty | 0.01 | 1.00 | 76442120.0 | 500000000
  3.521 | - | 4.52 | 1.00 | 0.00 | 0.0 | 0 | Locomotion(0.26) | Empty | 0.01 | 1.00 | 76442020.0 | 500000000

===  1-11 Kopya Vuruş [Kılıç] başlangıç 3,0 m, kalıp golge_yankisi, boss r=0,85, oyuncu r=0,50, temas 1,35
  sonuç: GEÇTİ isabet=True konum=ön→ön gövde=True tek=True hata=True süre=True sıçrama_yok=True yerde=True ayak=0,00/0,00 hasar=93912,0 etki=[boss:Burn] bacak=[0/10 kare koşu]
  not: vuruş 2: 0,47s@boss1,19m/oyuncu1,15m 0,78s@boss2,67m/oyuncu1,39m
  not: kalıp sonu: merkeze 3,07 m, başlangıçtan 0,90 m, kalıp simülasyonundan 0,00 m, boss 0,97 m kaydı
  log: LOG [Motion] 1-11 → Gölge yankısı
  log: LOG [Mechanic] 1-11/Kılıç: Çift — kılıç yayı → kapsül 1.8m, önünde yay (2 kez (kopya)). Etkiler: can→düşman -40 [iki_kez]
  t | faz | merkez_m | taraf(+ön/-arka) | yan_m | hız_mps | yaw | taban_state(norm) | üst_state | Speed | Playback | bossHP | oyuncuHP
  0.016 | - | 3.00 | 1.00 | 0.00 | 0.0 | 0 | Locomotion(0.42) | Empty | 0.00 | 1.00 | 76153600.0 | 500000000
  0.033 | - | 3.00 | 1.00 | 0.00 | 0.0 | 0 | Locomotion(0.43) | Empty | 0.00 | 1.00 | 76153600.0 | 500000000
  0.050 | - | 3.00 | 1.00 | 0.00 | 0.0 | 0 | Locomotion(0.44) | Empty | 0.00 | 1.00 | 76153600.0 | 500000000
  0.066 | - | 3.00 | 1.00 | 0.00 | 0.0 | 0 | CastPierce(0.06) | Empty | 0.00 | 1.00 | 76153600.0 | 500000000
  0.083 | - | 3.00 | 1.00 | 0.00 | 0.0 | 0 | CastPierce(0.08) | Empty | 0.00 | 1.00 | 76153600.0 | 500000000
  0.099 | - | 3.00 | 1.00 | 0.00 | 0.0 | 0 | CastPierce(0.10) | Empty | 0.00 | 1.00 | 76153600.0 | 500000000
  0.116 | - | 3.00 | 1.00 | 0.00 | 0.0 | 0 | CastPierce(0.12) | Empty | 0.00 | 1.00 | 76153600.0 | 500000000
  0.133 | - | 3.00 | 1.00 | 0.00 | 0.0 | 0 | CastPierce(0.14) | Empty | 0.00 | 1.00 | 76153600.0 | 500000000
  0.150 | - | 3.00 | 1.00 | 0.00 | 0.0 | 0 | CastPierce(0.16) | Empty | 0.00 | 1.00 | 76153600.0 | 500000000
  0.166 | - | 3.00 | 1.00 | 0.00 | 0.0 | 0 | CastPierce(0.18) | Empty | 0.00 | 1.00 | 76153600.0 | 500000000
  0.183 | - | 3.00 | 1.00 | 0.00 | 0.0 | 0 | CastPierce(0.20) | Empty | 0.00 | 1.00 | 76153600.0 | 500000000
  0.199 | - | 3.00 | 1.00 | 0.00 | 0.0 | 0 | CastPierce(0.22) | Empty | 0.00 | 1.00 | 76153600.0 | 500000000
  0.217 | - | 3.00 | 1.00 | 0.00 | 0.0 | 0 | CastPierce(0.24) | Empty | 0.00 | 1.00 | 76153600.0 | 500000000
  0.233 | - | 3.00 | 1.00 | 0.00 | 0.0 | 0 | CastPierce(0.26) | Empty | 0.00 | 1.00 | 76153600.0 | 500000000
  0.249 | - | 3.00 | 1.00 | 0.00 | 0.0 | 0 | CastPierce(0.28) | Empty | 0.00 | 1.00 | 76153600.0 | 500000000
  0.267 | - | 3.00 | 1.00 | 0.00 | 0.0 | 0 | CastPierce(0.30) | Empty | 0.00 | 1.00 | 76153600.0 | 500000000
  0.283 | - | 3.00 | 1.00 | 0.00 | 0.0 | 0 | CastPierce(0.32) | Empty | 0.00 | 1.00 | 76153600.0 | 500000000
  0.300 | - | 3.00 | 1.00 | 0.00 | 0.0 | 0 | CastPierce(0.34) | Empty | 0.00 | 1.00 | 76153600.0 | 500000000
  0.316 | - | 3.00 | 1.00 | 0.00 | 0.0 | 0 | CastPierce(0.36) | Empty | 0.00 | 1.00 | 76153600.0 | 500000000
  0.333 | - | 3.00 | 1.00 | 0.00 | 0.0 | 0 | CastPierce(0.38) | Empty | 0.00 | 1.00 | 76153600.0 | 500000000
  0.350 | - | 3.00 | 1.00 | 0.00 | 0.0 | 0 | CastPierce(0.40) | Empty | 0.00 | 1.00 | 76153600.0 | 500000000
  0.366 | vur | 2.91 | 1.00 | 0.00 | 5.6 | 0 | CastPierce(0.02) | Empty | 0.00 | 1.00 | 76153600.0 | 500000000
  0.383 | vur | 2.81 | 1.00 | 0.00 | 5.6 | 0 | CastPierce(0.04) | Empty | 0.00 | 1.00 | 76153600.0 | 500000000
  0.399 | vur | 2.72 | 1.00 | 0.00 | 5.6 | 0 | CastPierce(0.06) | Empty | 0.00 | 1.00 | 76153600.0 | 500000000
  0.417 | vur | 2.62 | 1.00 | 0.00 | 5.6 | 0 | BasicStrike(0.08) | Empty | 0.00 | 1.00 | 76153600.0 | 500000000
  0.433 | vur | 2.53 | 1.00 | 0.00 | 5.6 | 0 | BasicStrike(0.11) | Empty | 0.00 | 1.00 | 76153600.0 | 500000000
  0.449 | vur | 2.44 | 1.00 | 0.00 | 5.6 | 0 | BasicStrike(0.14) | Empty | 0.00 | 1.00 | 76153600.0 | 500000000
  0.466 | vur | 2.35 | 1.00 | 0.00 | 5.6 | 0 | BasicStrike(0.17) | Empty | 0.00 | 1.00 | 76065110.0 | 500000000 | VURUŞ@boss1,20m
  0.466 | vur | 2.34 | 1.00 | 0.01 | 0.0 | 0 | BasicStrike(0.19) | Empty | 0.00 | 1.00 | 76065110.0 | 500000000
  0.466 | vur | 2.34 | 1.00 | 0.01 | 0.0 | 0 | BasicStrike(0.22) | Empty | 0.00 | 1.00 | 76065110.0 | 500000000
  0.466 | vur | 2.34 | 1.00 | 0.01 | 0.0 | 0 | BasicStrike(0.25) | Empty | 0.00 | 1.00 | 76065110.0 | 500000000
  0.466 | vur | 2.34 | 1.00 | 0.01 | 0.0 | 0 | BasicStrike(0.28) | Empty | 0.00 | 1.00 | 76065110.0 | 500000000
  0.466 | vur | 2.34 | 1.00 | 0.01 | 0.0 | 0 | BasicStrike(0.31) | Empty | 0.00 | 1.00 | 76065110.0 | 500000000
  0.483 | vur | 2.31 | 1.00 | -0.01 | 5.6 | 0 | BasicStrike(0.33) | Empty | 0.00 | 1.00 | 76065010.0 | 500000000
  0.500 | vur | 2.29 | 1.00 | 0.00 | 5.6 | 360 | BasicStrike(0.36) | Empty | 0.00 | 1.00 | 76064900.0 | 500000000
  0.516 | bekle | 2.30 | 1.00 | 0.00 | 3.5 | 0 | BasicStrike(0.39) | Empty | 2.24 | 1.87 | 76064810.0 | 500000000
  0.533 | bekle | 2.36 | 1.00 | 0.00 | 0.0 | 0 | BasicStrike(0.42) | Empty | 0.00 | 1.00 | 76064700.0 | 500000000
  0.549 | bekle | 2.42 | 1.00 | 0.01 | 0.0 | 360 | BasicStrike(0.44) | Empty | 0.00 | 1.00 | 76064610.0 | 500000000
  0.566 | bekle | 2.47 | 1.00 | 0.00 | 0.0 | 0 | Locomotion(0.03) | Empty | 0.00 | 1.00 | 76064510.0 | 500000000
  0.583 | bekle | 2.52 | 1.00 | 0.00 | 0.0 | 360 | Locomotion(0.04) | Empty | 0.00 | 1.00 | 76064410.0 | 500000000
  0.600 | bekle | 2.57 | 1.00 | 0.00 | 0.0 | 0 | Locomotion(0.05) | Empty | 0.00 | 1.00 | 76064300.0 | 500000000
  0.616 | bekle | 2.61 | 1.00 | 0.00 | 0.0 | 0 | Locomotion(0.05) | Empty | 0.00 | 1.00 | 76064210.0 | 500000000
  0.632 | bekle | 2.66 | 1.00 | 0.00 | 0.0 | 0 | Locomotion(0.06) | Empty | 0.00 | 1.00 | 76064110.0 | 500000000
  0.649 | bekle | 2.70 | 1.00 | 0.00 | 0.0 | 0 | Locomotion(0.07) | Empty | 0.00 | 1.00 | 76064010.0 | 500000000
  0.666 | bekle | 2.74 | 1.00 | 0.00 | 0.0 | 0 | Locomotion(0.08) | Empty | 0.00 | 1.00 | 76063900.0 | 500000000
  0.683 | bekle | 2.78 | 1.00 | 0.00 | 0.0 | 0 | Locomotion(0.09) | Empty | 0.00 | 1.00 | 76063800.0 | 500000000
  0.699 | bekle | 2.81 | 1.00 | 0.00 | 0.0 | 0 | Locomotion(0.10) | Empty | 0.00 | 1.00 | 76063700.0 | 500000000
  0.717 | bekle | 2.85 | 1.00 | 0.00 | 0.0 | 0 | Locomotion(0.11) | Empty | 0.00 | 1.00 | 76063600.0 | 500000000
  0.733 | bekle | 2.88 | 1.00 | 0.00 | 0.0 | 0 | Locomotion(0.12) | Empty | 0.00 | 1.00 | 76063500.0 | 500000000
  0.750 | yanki | 2.91 | 1.00 | 0.00 | 0.0 | 0 | Locomotion(0.13) | Empty | 0.00 | 1.00 | 76063400.0 | 500000000
  0.767 | yanki | 2.93 | 1.00 | 0.00 | 0.0 | 0 | Locomotion(0.14) | Empty | 0.00 | 1.00 | 76063300.0 | 500000000
  0.783 | yanki | 2.96 | 1.00 | 0.00 | 0.0 | 0 | Locomotion(0.15) | Empty | 0.00 | 1.00 | 76063200.0 | 500000000 | VURUŞ@boss2,67m
  0.800 | yanki | 2.99 | 1.00 | 0.00 | 0.0 | 0 | CastChannel(0.05) | Empty | 0.00 | 1.00 | 76063100.0 | 500000000
  0.817 | yanki | 3.01 | 1.00 | 0.00 | 0.0 | 0 | CastChannel(0.07) | Empty | 0.00 | 1.00 | 76062990.0 | 500000000
  0.833 | yanki | 3.03 | 1.00 | 0.00 | 0.0 | 0 | CastChannel(0.08) | Empty | 0.00 | 1.00 | 76062900.0 | 500000000
  0.850 |  | 3.05 | 1.00 | 0.00 | 0.0 | 0 | CastChannel(0.10) | Empty | 0.00 | 1.00 | 76062790.0 | 500000000
  0.866 | - | 3.07 | 1.00 | 0.00 | 0.0 | 0 | CastChannel(0.12) | Empty | 0.00 | 1.00 | 76062700.0 | 500000000
  0.883 | - | 3.09 | 1.00 | 0.00 | 0.0 | 0 | CastChannel(0.13) | Empty | 0.00 | 1.00 | 76062590.0 | 500000000
  0.900 | - | 3.11 | 1.00 | 0.00 | 0.0 | 0 | CastChannel(0.15) | Empty | 0.00 | 1.00 | 76062490.0 | 500000000
  0.916 | - | 3.13 | 1.00 | 0.00 | 0.0 | 0 | CastChannel(0.17) | Empty | 0.00 | 1.00 | 76062380.0 | 500000000
  0.933 | - | 3.15 | 1.00 | 0.00 | 0.0 | 0 | CastChannel(0.18) | Empty | 0.00 | 1.00 | 76062280.0 | 500000000
  0.950 | - | 3.16 | 1.00 | 0.00 | 0.0 | 0 | CastChannel(0.20) | Empty | 0.00 | 1.00 | 76062180.0 | 500000000
  0.966 | - | 3.18 | 1.00 | 0.00 | 0.0 | 0 | CastChannel(0.22) | Empty | 0.00 | 1.00 | 76062080.0 | 500000000
  0.983 | - | 3.19 | 1.00 | 0.00 | 0.0 | 0 | CastChannel(0.23) | Empty | 0.00 | 1.00 | 76061980.0 | 500000000
  0.999 | - | 3.21 | 1.00 | 0.00 | 0.0 | 0 | CastChannel(0.25) | Empty | 0.00 | 1.00 | 76061880.0 | 500000000
  1.016 | - | 3.22 | 1.00 | 0.00 | 0.0 | 0 | CastChannel(0.27) | Empty | 0.00 | 1.00 | 76061780.0 | 500000000
  1.033 | - | 3.23 | 1.00 | 0.00 | 0.0 | 0 | CastChannel(0.28) | Empty | 0.00 | 1.00 | 76061690.0 | 500000000
  1.049 | - | 3.24 | 1.00 | 0.00 | 0.0 | 0 | CastChannel(0.30) | Empty | 0.00 | 1.00 | 76061590.0 | 500000000
  1.066 | - | 3.25 | 1.00 | 0.00 | 0.0 | 0 | CastChannel(0.32) | Empty | 0.00 | 1.00 | 76061490.0 | 500000000
  1.083 | - | 3.26 | 1.00 | 0.00 | 0.0 | 0 | CastChannel(0.33) | Empty | 0.00 | 1.00 | 76061390.0 | 500000000
  1.100 | - | 3.27 | 1.00 | 0.00 | 0.0 | 0 | CastChannel(0.35) | Empty | 0.00 | 1.00 | 76061300.0 | 500000000
  1.116 | - | 3.28 | 1.00 | 0.00 | 0.0 | 0 | CastChannel(0.37) | Empty | 0.00 | 1.00 | 76061200.0 | 500000000
  1.133 | - | 3.29 | 1.00 | 0.00 | 0.0 | 0 | CastChannel(0.38) | Empty | 0.00 | 1.00 | 76061100.0 | 500000000
  1.150 | - | 3.30 | 1.00 | 0.00 | 0.0 | 0 | CastChannel(0.40) | Empty | 0.00 | 1.00 | 76060990.0 | 500000000
  1.166 | - | 3.31 | 1.00 | 0.00 | 0.0 | 0 | CastChannel(0.42) | Empty | 0.00 | 1.00 | 76060900.0 | 500000000
  1.182 | - | 3.31 | 1.00 | 0.00 | 0.0 | 0 | CastChannel(0.43) | Empty | 0.00 | 1.00 | 76060800.0 | 500000000
  1.199 | - | 3.32 | 1.00 | 0.00 | 0.0 | 0 | CastChannel(0.45) | Empty | 0.00 | 1.00 | 76060700.0 | 500000000
  1.216 | - | 3.33 | 1.00 | 0.00 | 0.0 | 0 | CastChannel(0.47) | Empty | 0.00 | 1.00 | 76060600.0 | 500000000
  1.233 | - | 3.33 | 1.00 | 0.00 | 0.0 | 0 | CastChannel(0.48) | Empty | 0.00 | 1.00 | 76060500.0 | 500000000
  1.249 | - | 3.34 | 1.00 | 0.00 | 0.0 | 0 | CastChannel(0.50) | Empty | 0.00 | 1.00 | 76060390.0 | 500000000
  1.266 | - | 3.35 | 1.00 | 0.00 | 0.0 | 0 | CastChannel(0.52) | Empty | 0.00 | 1.00 | 76060300.0 | 500000000
  1.283 | - | 3.35 | 1.00 | 0.00 | 0.0 | 0 | CastChannel(0.53) | Empty | 0.00 | 1.00 | 76060190.0 | 500000000
  1.300 | - | 3.36 | 1.00 | 0.00 | 0.0 | 0 | CastChannel(0.55) | Empty | 0.00 | 1.00 | 76060090.0 | 500000000
  1.317 | - | 3.36 | 1.00 | 0.00 | 0.0 | 0 | CastChannel(0.57) | Empty | 0.00 | 1.00 | 76059980.0 | 500000000
  1.333 | - | 3.37 | 1.00 | 0.00 | 0.0 | 0 | CastChannel(0.58) | Empty | 0.00 | 1.00 | 76059890.0 | 500000000
  1.349 | - | 3.37 | 1.00 | 0.00 | 0.0 | 0 | CastChannel(0.60) | Empty | 0.00 | 1.00 | 76059790.0 | 500000000
  1.367 | - | 3.37 | 1.00 | 0.00 | 0.0 | 0 | CastChannel(0.62) | Empty | 0.00 | 1.00 | 76059690.0 | 500000000

===  6-9 Odaklı Bağ [Kılıç] başlangıç 3,0 m, kalıp zamanli_donma, boss r=0,85, oyuncu r=0,50, temas 1,35
  sonuç: GEÇTİ isabet=True konum=ön→ön gövde=True tek=True hata=True süre=True sıçrama_yok=True yerde=True ayak=0,00/0,00 hasar=43304,0 etki=[boss:Burn+Root, boss hız x0,00] bacak=[0/10 kare koşu]
  not: vuruş 1: 0,85s@boss0,70m/oyuncu1,28m
  not: kalıp sonu: merkeze 1,50 m, başlangıçtan 1,52 m, kalıp simülasyonundan 0,02 m
  log: LOG [Motion] 6-9 → Zamanlı donma
  log: LOG [Mechanic] 6-9/Kılıç: Gecikmeli an · Güdümlü — kılıç yayı → koni 4m, önünde yay (hedefe kilitli, tek hedef, uyumsuz silah). Etkiler: hareket→düşman 1.5sn [isaretli_an]; can→düşman -7.36 [iskalamaz,zirh_yoksay]
  log: LOG [Mechanic] isabet 6-9/Kılıç: Root 1,5sn
  t | faz | merkez_m | taraf(+ön/-arka) | yan_m | hız_mps | yaw | taban_state(norm) | üst_state | Speed | Playback | bossHP | oyuncuHP
  0.016 | - | 3.00 | 1.00 | 0.00 | 0.0 | 0 | Locomotion(0.11) | Empty | 0.00 | 1.00 | 76057740.0 | 500000000
  0.033 | - | 3.00 | 1.00 | 0.00 | 0.0 | 0 | Locomotion(0.12) | Empty | 0.00 | 1.00 | 76057740.0 | 500000000
  0.049 | - | 3.00 | 1.00 | 0.00 | 0.0 | 0 | Locomotion(0.13) | Empty | 0.00 | 1.00 | 76057740.0 | 500000000
  0.067 | - | 3.00 | 1.00 | 0.00 | 0.0 | 0 | CastChannel(0.05) | Empty | 0.00 | 1.00 | 76057740.0 | 500000000
  0.084 | - | 3.01 | 1.00 | 0.00 | 0.0 | 0 | CastChannel(0.07) | Empty | 0.00 | 1.00 | 76057740.0 | 500000000
  0.100 | - | 3.01 | 1.00 | 0.00 | 0.0 | 0 | CastChannel(0.08) | Empty | 0.00 | 1.00 | 76057740.0 | 500000000
  0.116 | - | 3.01 | 1.00 | 0.00 | 0.0 | 0 | CastChannel(0.10) | Empty | 0.00 | 1.00 | 76057740.0 | 500000000
  0.133 | - | 3.01 | 1.00 | 0.00 | 0.0 | 0 | CastChannel(0.12) | Empty | 0.00 | 1.00 | 76057740.0 | 500000000
  0.150 | - | 3.01 | 1.00 | 0.00 | 0.0 | 0 | CastChannel(0.13) | Empty | 0.00 | 1.00 | 76057740.0 | 500000000
  0.166 | - | 3.01 | 1.00 | 0.00 | 0.0 | 0 | CastChannel(0.15) | Empty | 0.00 | 1.00 | 76057740.0 | 500000000
  0.183 | - | 3.01 | 1.00 | 0.00 | 0.0 | 0 | CastChannel(0.17) | Empty | 0.00 | 1.00 | 76057740.0 | 500000000
  0.199 | - | 3.01 | 1.00 | 0.00 | 0.0 | 0 | CastChannel(0.18) | Empty | 0.00 | 1.00 | 76057740.0 | 500000000
  0.217 | - | 3.01 | 1.00 | 0.00 | 0.0 | 0 | CastChannel(0.20) | Empty | 0.00 | 1.00 | 76057740.0 | 500000000
  0.233 | - | 3.01 | 1.00 | 0.00 | 0.0 | 0 | CastChannel(0.22) | Empty | 0.00 | 1.00 | 76057740.0 | 500000000
  0.250 | - | 3.01 | 1.00 | 0.00 | 0.0 | 0 | CastChannel(0.23) | Empty | 0.00 | 1.00 | 76057740.0 | 500000000
  0.267 | - | 3.01 | 1.00 | 0.00 | 0.0 | 0 | CastChannel(0.25) | Empty | 0.00 | 1.00 | 76057740.0 | 500000000
  0.283 | - | 3.01 | 1.00 | 0.00 | 0.0 | 0 | CastChannel(0.27) | Empty | 0.00 | 1.00 | 76057740.0 | 500000000
  0.300 | - | 3.01 | 1.00 | 0.00 | 0.0 | 0 | CastChannel(0.28) | Empty | 0.00 | 1.00 | 76057740.0 | 500000000
  0.317 | - | 3.01 | 1.00 | 0.00 | 0.0 | 0 | CastChannel(0.30) | Empty | 0.00 | 1.00 | 76057740.0 | 500000000
  0.333 | - | 3.02 | 1.00 | 0.00 | 0.0 | 0 | CastChannel(0.32) | Empty | 0.00 | 1.00 | 76057740.0 | 500000000
  0.350 | - | 3.02 | 1.00 | 0.00 | 0.0 | 0 | CastChannel(0.33) | Empty | 0.00 | 1.00 | 76057740.0 | 500000000
  0.366 | - | 3.02 | 1.00 | 0.00 | 0.0 | 0 | CastChannel(0.35) | Empty | 0.00 | 1.00 | 76057740.0 | 500000000
  0.383 | - | 3.02 | 1.00 | 0.00 | 0.0 | 0 | CastChannel(0.37) | Empty | 0.00 | 1.00 | 76057740.0 | 500000000
  0.400 | - | 3.02 | 1.00 | 0.00 | 0.0 | 0 | CastChannel(0.38) | Empty | 0.00 | 1.00 | 76057740.0 | 500000000
  0.417 | bekle | 3.02 | 1.00 | 0.00 | 0.0 | 0 | CastChannel(0.40) | Empty | 0.00 | 1.00 | 76057740.0 | 500000000
  0.433 | bekle | 3.02 | 1.00 | 0.00 | 0.0 | 0 | CastChannel(0.42) | Empty | 0.00 | 1.00 | 76057740.0 | 500000000
  0.450 | bekle | 3.02 | 1.00 | 0.00 | 0.0 | 0 | CastChannel(0.43) | Empty | 0.00 | 1.00 | 76057740.0 | 500000000
  0.466 | bekle | 3.02 | 1.00 | 0.00 | 0.0 | 0 | Locomotion(0.03) | Empty | 0.00 | 1.00 | 76057740.0 | 500000000
  0.483 | bekle | 3.02 | 1.00 | 0.00 | 0.0 | 0 | Locomotion(0.04) | Empty | 0.00 | 1.00 | 76057740.0 | 500000000
  0.501 | bekle | 3.02 | 1.00 | 0.00 | 0.0 | 0 | Locomotion(0.05) | Empty | 0.00 | 1.00 | 76057740.0 | 500000000
  0.517 | bekle | 3.02 | 1.00 | 0.00 | 0.0 | 0 | Locomotion(0.05) | Empty | 0.00 | 1.00 | 76057740.0 | 500000000
  0.534 | bekle | 3.02 | 1.00 | 0.00 | 0.0 | 0 | Locomotion(0.06) | Empty | 0.00 | 1.00 | 76057740.0 | 500000000
  0.550 | bekle | 3.02 | 1.00 | 0.00 | 0.0 | 0 | Locomotion(0.07) | Empty | 0.00 | 1.00 | 76057740.0 | 500000000
  0.567 | bekle | 3.02 | 1.00 | 0.00 | 0.0 | 0 | Locomotion(0.08) | Empty | 0.00 | 1.00 | 76057740.0 | 500000000
  0.583 | bekle | 3.02 | 1.00 | 0.00 | 0.0 | 0 | Locomotion(0.09) | Empty | 0.00 | 1.00 | 76057740.0 | 500000000
  0.600 | bekle | 3.02 | 1.00 | 0.00 | 0.0 | 0 | Locomotion(0.10) | Empty | 0.00 | 1.00 | 76057740.0 | 500000000
  0.616 | bekle | 3.02 | 1.00 | 0.00 | 0.0 | 0 | Locomotion(0.11) | Empty | 0.00 | 1.00 | 76057740.0 | 500000000
  0.634 | bekle | 3.02 | 1.00 | 0.00 | 0.0 | 0 | Locomotion(0.12) | Empty | 0.00 | 1.00 | 76057740.0 | 500000000
  0.650 | bekle | 3.02 | 1.00 | 0.00 | 0.0 | 0 | Locomotion(0.13) | Empty | 0.00 | 1.00 | 76057740.0 | 500000000
  0.666 | bekle | 3.02 | 1.00 | 0.00 | 0.0 | 0 | Locomotion(0.14) | Empty | 0.00 | 1.00 | 76057740.0 | 500000000
  0.683 | bekle | 3.02 | 1.00 | 0.00 | 0.0 | 0 | Locomotion(0.15) | Empty | 0.00 | 1.00 | 76057740.0 | 500000000
  0.700 | bekle | 3.02 | 1.00 | 0.00 | 0.0 | 0 | Locomotion(0.15) | Empty | 0.00 | 1.00 | 76057740.0 | 500000000
  0.717 | bekle | 3.02 | 1.00 | 0.00 | 0.0 | 0 | Locomotion(0.16) | Empty | 0.00 | 1.00 | 76057740.0 | 500000000
  0.733 | bekle | 3.02 | 1.00 | 0.00 | 0.0 | 0 | Locomotion(0.17) | Empty | 0.00 | 1.00 | 76057740.0 | 500000000
  0.750 | dokun | 2.93 | 1.00 | 0.00 | 5.7 | 0 | Locomotion(0.18) | Empty | 0.00 | 1.00 | 76057740.0 | 500000000
  0.767 | dokun | 2.77 | 1.00 | 0.00 | 9.5 | 0 | Locomotion(0.19) | Empty | 0.00 | 1.00 | 76057740.0 | 500000000
  0.783 | dokun | 2.61 | 1.00 | 0.00 | 9.5 | 0 | Locomotion(0.20) | Empty | 0.00 | 1.00 | 76057740.0 | 500000000
  0.800 | dokun | 2.45 | 1.00 | 0.00 | 9.5 | 0 | BasicStrike(0.08) | Empty | 0.00 | 1.00 | 76057740.0 | 500000000
  0.816 | dokun | 2.29 | 1.00 | 0.00 | 9.5 | 0 | BasicStrike(0.11) | Empty | 0.00 | 1.00 | 76057740.0 | 500000000
  0.833 | dokun | 2.14 | 1.00 | 0.00 | 9.5 | 0 | BasicStrike(0.14) | Empty | 0.00 | 1.00 | 76057740.0 | 500000000
  0.850 | dokun | 1.97 | 1.00 | 0.00 | 9.5 | 0 | BasicStrike(0.17) | Empty | 0.00 | 1.00 | 76057740.0 | 500000000 | VURUŞ@boss0,70m
  0.867 | dokun | 1.82 | 1.00 | 0.00 | 9.5 | 0 | BasicStrike(0.19) | Empty | 0.00 | 1.00 | 76057740.0 | 500000000
  0.883 | dokun | 1.66 | 1.00 | 0.00 | 9.5 | 0 | BasicStrike(0.22) | Empty | 0.00 | 1.00 | 76057740.0 | 500000000
  0.900 |  | 1.50 | 1.00 | 0.00 | 9.5 | 0 | BasicStrike(0.25) | Empty | 0.00 | 1.00 | 76057740.0 | 500000000
  0.917 | - | 1.50 | 1.00 | 0.00 | 0.0 | 0 | BasicStrike(0.28) | Empty | 0.00 | 1.00 | 76057740.0 | 500000000
  0.933 | - | 1.50 | 1.00 | 0.00 | 0.0 | 0 | BasicStrike(0.31) | Empty | 0.00 | 1.00 | 76057740.0 | 500000000
  0.950 | - | 1.50 | 1.00 | 0.00 | 0.0 | 0 | BasicStrike(0.33) | Empty | 0.00 | 1.00 | 76057740.0 | 500000000
  0.967 | - | 1.50 | 1.00 | 0.00 | 0.0 | 0 | BasicStrike(0.36) | Empty | 0.00 | 1.00 | 76057740.0 | 500000000
  0.983 | - | 1.50 | 1.00 | 0.00 | 0.0 | 0 | BasicStrike(0.39) | Empty | 0.00 | 1.00 | 76057740.0 | 500000000
  1.000 | - | 1.50 | 1.00 | 0.00 | 0.0 | 0 | BasicStrike(0.42) | Empty | 0.00 | 1.00 | 76057740.0 | 500000000
  1.016 | - | 1.50 | 1.00 | 0.00 | 0.0 | 0 | BasicStrike(0.44) | Empty | 0.00 | 1.00 | 76057740.0 | 500000000
  1.033 | - | 1.50 | 1.00 | 0.00 | 0.0 | 0 | BasicStrike(0.47) | Empty | 0.00 | 1.00 | 76057740.0 | 500000000
  1.050 | - | 1.50 | 1.00 | 0.00 | 0.0 | 0 | BasicStrike(0.50) | Empty | 0.00 | 1.00 | 76057740.0 | 500000000
  1.067 | - | 1.50 | 1.00 | 0.00 | 0.0 | 0 | BasicStrike(0.53) | Empty | 0.00 | 1.00 | 76057740.0 | 500000000
  1.084 | - | 1.50 | 1.00 | 0.00 | 0.0 | 0 | BasicStrike(0.56) | Empty | 0.00 | 1.00 | 76057740.0 | 500000000
  1.100 | - | 1.50 | 1.00 | 0.00 | 0.0 | 0 | BasicStrike(0.58) | Empty | 0.00 | 1.00 | 76057740.0 | 500000000
  1.117 | - | 1.50 | 1.00 | 0.00 | 0.0 | 0 | BasicStrike(0.61) | Empty | 0.00 | 1.00 | 76057740.0 | 500000000
  1.133 | - | 1.50 | 1.00 | 0.00 | 0.0 | 0 | BasicStrike(0.64) | Empty | 0.00 | 1.00 | 76057740.0 | 500000000
  1.150 | - | 1.50 | 1.00 | 0.00 | 0.0 | 0 | BasicStrike(0.67) | Empty | 0.00 | 1.00 | 76057740.0 | 500000000
  1.167 | - | 1.50 | 1.00 | 0.00 | 0.0 | 0 | BasicStrike(0.70) | Empty | 0.00 | 1.00 | 76057740.0 | 500000000
  1.184 | - | 1.50 | 1.00 | 0.00 | 0.0 | 0 | BasicStrike(0.72) | Empty | 0.00 | 1.00 | 76057740.0 | 500000000
  1.200 | - | 1.50 | 1.00 | 0.00 | 0.0 | 0 | BasicStrike(0.75) | Empty | 0.00 | 1.00 | 76057740.0 | 500000000
  1.216 | - | 1.50 | 1.00 | 0.00 | 0.0 | 0 | BasicStrike(0.78) | Empty | 0.00 | 1.00 | 76057740.0 | 500000000
  1.233 | - | 1.50 | 1.00 | 0.00 | 0.0 | 0 | BasicStrike(0.81) | Empty | 0.00 | 1.00 | 76057740.0 | 500000000
  1.250 | - | 1.50 | 1.00 | 0.00 | 0.0 | 0 | BasicStrike(0.83) | Empty | 0.00 | 1.00 | 76057740.0 | 500000000
  1.266 | - | 1.50 | 1.00 | 0.00 | 0.0 | 0 | BasicStrike(0.86) | Empty | 0.00 | 1.00 | 76057740.0 | 500000000
  1.283 | - | 1.50 | 1.00 | 0.00 | 0.0 | 0 | BasicStrike(0.89) | Empty | 0.00 | 1.00 | 76057740.0 | 500000000
  1.300 | - | 1.50 | 1.00 | 0.00 | 0.0 | 0 | Locomotion(0.05) | Empty | 0.00 | 1.00 | 76057740.0 | 500000000
  1.317 | - | 1.50 | 1.00 | 0.00 | 0.0 | 0 | Locomotion(0.05) | Empty | 0.00 | 1.00 | 76057740.0 | 500000000
  1.333 | - | 1.50 | 1.00 | 0.00 | 0.0 | 0 | Locomotion(0.06) | Empty | 0.00 | 1.00 | 76057740.0 | 500000000
  1.349 | - | 1.50 | 1.00 | 0.00 | 0.0 | 0 | Locomotion(0.07) | Empty | 0.00 | 1.00 | 76057740.0 | 500000000
  1.366 | - | 1.50 | 1.00 | 0.00 | 0.0 | 0 | Locomotion(0.08) | Empty | 0.00 | 1.00 | 76057740.0 | 500000000
  1.383 | - | 1.50 | 1.00 | 0.00 | 0.0 | 0 | Locomotion(0.09) | Empty | 0.00 | 1.00 | 76057740.0 | 500000000
  1.400 | - | 1.50 | 1.00 | 0.00 | 0.0 | 0 | Locomotion(0.10) | Empty | 0.00 | 1.00 | 76057740.0 | 500000000
  1.416 | - | 1.50 | 1.00 | 0.00 | 0.0 | 0 | Locomotion(0.11) | Empty | 0.00 | 1.00 | 76057740.0 | 500000000
  1.433 | - | 1.50 | 1.00 | 0.00 | 0.0 | 0 | Locomotion(0.12) | Empty | 0.00 | 1.00 | 76057740.0 | 500000000
  1.450 | - | 1.50 | 1.00 | 0.00 | 0.0 | 0 | Locomotion(0.13) | Empty | 0.00 | 1.00 | 76057740.0 | 500000000
  1.466 | - | 1.50 | 1.00 | 0.00 | 0.0 | 0 | Locomotion(0.14) | Empty | 0.00 | 1.00 | 76057740.0 | 500000000
  1.483 | - | 1.50 | 1.00 | 0.00 | 0.0 | 0 | Locomotion(0.14) | Empty | 0.00 | 1.00 | 76057740.0 | 500000000
  1.500 | - | 1.50 | 1.00 | 0.00 | 0.0 | 0 | Locomotion(0.15) | Empty | 0.00 | 1.00 | 76057740.0 | 500000000
  1.516 | - | 1.50 | 1.00 | 0.00 | 0.0 | 0 | Locomotion(0.16) | Empty | 0.00 | 1.00 | 76057740.0 | 500000000
  1.533 | - | 1.50 | 1.00 | 0.00 | 0.0 | 0 | Locomotion(0.17) | Empty | 0.00 | 1.00 | 76057740.0 | 500000000
  1.550 | - | 1.50 | 1.00 | 0.00 | 0.0 | 0 | Locomotion(0.18) | Empty | 0.00 | 1.00 | 76057740.0 | 500000000
  1.566 | - | 1.50 | 1.00 | 0.00 | 0.0 | 0 | Locomotion(0.19) | Empty | 0.00 | 1.00 | 76057740.0 | 500000000
  1.583 | - | 1.50 | 1.00 | 0.00 | 0.0 | 0 | Locomotion(0.20) | Empty | 0.00 | 1.00 | 76057740.0 | 500000000
  1.599 | - | 1.50 | 1.00 | 0.00 | 0.0 | 0 | Locomotion(0.21) | Empty | 0.00 | 1.00 | 76057740.0 | 500000000
  1.617 | - | 1.50 | 1.00 | 0.00 | 0.0 | 0 | Locomotion(0.22) | Empty | 0.00 | 1.00 | 76057740.0 | 500000000
  1.634 | - | 1.50 | 1.00 | 0.00 | 0.0 | 0 | Locomotion(0.23) | Empty | 0.00 | 1.00 | 76057740.0 | 500000000
  1.650 | - | 1.50 | 1.00 | 0.00 | 0.0 | 0 | Locomotion(0.24) | Empty | 0.00 | 1.00 | 76057740.0 | 500000000
  1.666 | - | 1.50 | 1.00 | 0.00 | 0.0 | 0 | Locomotion(0.24) | Empty | 0.00 | 1.00 | 76057740.0 | 500000000
  1.683 | - | 1.50 | 1.00 | 0.00 | 0.0 | 0 | Locomotion(0.25) | Empty | 0.00 | 1.00 | 76057740.0 | 500000000
  1.700 | - | 1.50 | 1.00 | 0.00 | 0.0 | 0 | Locomotion(0.26) | Empty | 0.00 | 1.00 | 76057740.0 | 500000000
  1.716 | - | 1.50 | 1.00 | 0.00 | 0.0 | 0 | Locomotion(0.27) | Empty | 0.00 | 1.00 | 76057740.0 | 500000000
  1.734 | - | 1.50 | 1.00 | 0.00 | 0.0 | 0 | Locomotion(0.28) | Empty | 0.00 | 1.00 | 76057740.0 | 500000000
  1.750 | - | 1.50 | 1.00 | 0.00 | 0.0 | 0 | Locomotion(0.29) | Empty | 0.00 | 1.00 | 76057740.0 | 500000000
  1.766 | - | 1.50 | 1.00 | 0.00 | 0.0 | 0 | Locomotion(0.30) | Empty | 0.00 | 1.00 | 76057740.0 | 500000000
  1.783 | - | 1.50 | 1.00 | 0.00 | 0.0 | 0 | Locomotion(0.31) | Empty | 0.00 | 1.00 | 76057740.0 | 500000000
  1.800 | - | 1.50 | 1.00 | 0.00 | 0.0 | 0 | Locomotion(0.32) | Empty | 0.00 | 1.00 | 76057740.0 | 500000000
  1.817 | - | 1.50 | 1.00 | 0.00 | 0.0 | 0 | Locomotion(0.33) | Empty | 0.00 | 1.00 | 76057740.0 | 500000000
  1.833 | - | 1.50 | 1.00 | 0.00 | 0.0 | 0 | Locomotion(0.34) | Empty | 0.00 | 1.00 | 76057740.0 | 500000000
  1.849 | - | 1.50 | 1.00 | 0.00 | 0.0 | 0 | Locomotion(0.34) | Empty | 0.00 | 1.00 | 76057740.0 | 500000000
  1.866 | - | 1.50 | 1.00 | 0.00 | 0.0 | 0 | Locomotion(0.35) | Empty | 0.00 | 1.00 | 76057740.0 | 500000000
  1.883 | - | 1.50 | 1.00 | 0.00 | 0.0 | 0 | Locomotion(0.36) | Empty | 0.00 | 1.00 | 76057740.0 | 500000000
  1.900 | - | 1.50 | 1.00 | 0.00 | 0.0 | 0 | Locomotion(0.37) | Empty | 0.00 | 1.00 | 76057740.0 | 500000000
  1.916 | - | 1.50 | 1.00 | 0.00 | 0.0 | 0 | Locomotion(0.38) | Empty | 0.00 | 1.00 | 76057740.0 | 500000000
  1.933 | - | 1.50 | 1.00 | 0.00 | 0.0 | 0 | Locomotion(0.39) | Empty | 0.00 | 1.00 | 76057740.0 | 500000000
  1.950 | - | 1.50 | 1.00 | 0.00 | 0.0 | 0 | Locomotion(0.40) | Empty | 0.00 | 1.00 | 76057740.0 | 500000000
  1.967 | - | 1.50 | 1.00 | 0.00 | 0.0 | 0 | Locomotion(0.41) | Empty | 0.00 | 1.00 | 76057740.0 | 500000000
  1.983 | - | 1.50 | 1.00 | 0.00 | 0.0 | 0 | Locomotion(0.42) | Empty | 0.00 | 1.00 | 76057740.0 | 500000000
  2.000 | - | 1.50 | 1.00 | 0.00 | 0.0 | 0 | Locomotion(0.43) | Empty | 0.00 | 1.00 | 76057740.0 | 500000000
  2.016 | - | 1.50 | 1.00 | 0.00 | 0.0 | 0 | Locomotion(0.44) | Empty | 0.00 | 1.00 | 76057740.0 | 500000000
  2.033 | - | 1.50 | 1.00 | 0.00 | 0.0 | 0 | Locomotion(0.44) | Empty | 0.00 | 1.00 | 76057740.0 | 500000000
  2.050 | - | 1.50 | 1.00 | 0.00 | 0.0 | 0 | Locomotion(0.45) | Empty | 0.00 | 1.00 | 76057740.0 | 500000000
  2.067 | - | 1.50 | 1.00 | 0.00 | 0.0 | 0 | Locomotion(0.46) | Empty | 0.00 | 1.00 | 76057740.0 | 500000000
  2.083 | - | 1.50 | 1.00 | 0.00 | 0.0 | 0 | Locomotion(0.47) | Empty | 0.00 | 1.00 | 76057740.0 | 500000000
  2.100 | - | 1.50 | 1.00 | 0.00 | 0.0 | 0 | Locomotion(0.48) | Empty | 0.00 | 1.00 | 76057740.0 | 500000000
  2.116 | - | 1.50 | 1.00 | 0.00 | 0.0 | 0 | Locomotion(0.49) | Empty | 0.00 | 1.00 | 76057740.0 | 500000000
  2.134 | - | 1.50 | 1.00 | 0.00 | 0.0 | 0 | Locomotion(0.50) | Empty | 0.00 | 1.00 | 76057740.0 | 500000000
  2.150 | - | 1.50 | 1.00 | 0.00 | 0.0 | 0 | Locomotion(0.51) | Empty | 0.00 | 1.00 | 76057740.0 | 500000000
  2.166 | - | 1.50 | 1.00 | 0.00 | 0.0 | 0 | Locomotion(0.52) | Empty | 0.00 | 1.00 | 76057740.0 | 500000000
  2.183 | - | 1.50 | 1.00 | 0.00 | 0.0 | 0 | Locomotion(0.53) | Empty | 0.00 | 1.00 | 76057740.0 | 500000000
  2.200 | - | 1.50 | 1.00 | 0.00 | 0.0 | 0 | Locomotion(0.54) | Empty | 0.00 | 1.00 | 76057740.0 | 500000000
  2.217 | - | 1.50 | 1.00 | 0.00 | 0.0 | 0 | Locomotion(0.55) | Empty | 0.00 | 1.00 | 76057740.0 | 500000000
  2.234 | - | 1.50 | 1.00 | 0.00 | 0.0 | 0 | Locomotion(0.55) | Empty | 0.00 | 1.00 | 76057740.0 | 500000000
  2.250 | - | 1.50 | 1.00 | 0.00 | 0.0 | 0 | Locomotion(0.56) | Empty | 0.00 | 1.00 | 76057740.0 | 500000000
  2.267 | - | 1.50 | 1.00 | 0.00 | 0.0 | 0 | Locomotion(0.57) | Empty | 0.00 | 1.00 | 76057740.0 | 500000000
  2.283 | - | 1.50 | 1.00 | 0.00 | 0.0 | 0 | Locomotion(0.58) | Empty | 0.00 | 1.00 | 76057740.0 | 500000000
  2.300 | - | 1.50 | 1.00 | 0.00 | 0.0 | 0 | Locomotion(0.59) | Empty | 0.00 | 1.00 | 76057740.0 | 500000000
  2.316 | - | 1.50 | 1.00 | 0.00 | 0.0 | 0 | Locomotion(0.60) | Empty | 0.00 | 1.00 | 76057740.0 | 500000000
  2.333 | - | 1.50 | 1.00 | 0.00 | 0.0 | 0 | Locomotion(0.61) | Empty | 0.00 | 1.00 | 76057740.0 | 500000000
  2.350 | - | 1.50 | 1.00 | 0.00 | 0.0 | 0 | Locomotion(0.62) | Empty | 0.00 | 1.00 | 76057740.0 | 500000000
  2.367 | - | 1.50 | 1.00 | 0.00 | 0.0 | 0 | Locomotion(0.63) | Empty | 0.00 | 1.00 | 76057740.0 | 500000000
  2.383 | - | 1.50 | 1.00 | 0.00 | 0.0 | 0 | Locomotion(0.64) | Empty | 0.00 | 1.00 | 76057740.0 | 500000000
  2.399 | - | 1.50 | 1.00 | 0.00 | 0.0 | 0 | Locomotion(0.64) | Empty | 0.00 | 1.00 | 76057740.0 | 500000000
  2.417 | - | 1.50 | 1.00 | 0.00 | 0.0 | 0 | Locomotion(0.65) | Empty | 0.00 | 1.00 | 76017120.0 | 500000000
  2.417 | - | 1.51 | 1.00 | 0.00 | 0.0 | 0 | Locomotion(0.66) | Empty | 0.00 | 1.00 | 76017120.0 | 500000000
  2.417 | - | 1.51 | 1.00 | 0.00 | 0.0 | 0 | Locomotion(0.67) | Empty | 0.00 | 1.00 | 76017120.0 | 500000000
  2.417 | - | 1.51 | 1.00 | 0.00 | 0.0 | 0 | Locomotion(0.68) | Empty | 0.00 | 1.00 | 76017120.0 | 500000000
  2.417 | - | 1.51 | 1.00 | 0.00 | 0.0 | 0 | Locomotion(0.69) | Empty | 0.00 | 1.00 | 76017120.0 | 500000000
  2.417 | - | 1.51 | 1.00 | 0.00 | 0.0 | 0 | Locomotion(0.70) | Empty | 0.00 | 1.00 | 76017120.0 | 500000000
  2.433 | - | 1.57 | 1.00 | 0.01 | 0.0 | 360 | Locomotion(0.71) | Empty | 0.00 | 1.00 | 76017020.0 | 500000000
  2.450 | - | 1.64 | 1.00 | 0.00 | 0.0 | 360 | Locomotion(0.72) | Empty | 0.00 | 1.00 | 76016930.0 | 500000000
  2.468 | - | 1.71 | 1.00 | 0.01 | 0.0 | 360 | Locomotion(0.73) | Empty | 0.00 | 1.00 | 76016820.0 | 500000000
  2.483 | - | 1.75 | 1.00 | 0.00 | 0.0 | 360 | Locomotion(0.74) | Empty | 0.00 | 1.00 | 76016730.0 | 500000000
  2.500 | - | 1.82 | 1.00 | 0.00 | 0.0 | 0 | Locomotion(0.75) | Empty | 0.00 | 1.00 | 76016620.0 | 500000000
  2.516 | - | 1.87 | 1.00 | 0.00 | 0.0 | 360 | Locomotion(0.75) | Empty | 0.00 | 1.00 | 76016530.0 | 500000000
  2.533 | - | 1.92 | 1.00 | 0.00 | 0.0 | 0 | Locomotion(0.76) | Empty | 0.00 | 1.00 | 76016430.0 | 500000000
  2.550 | - | 1.97 | 1.00 | 0.00 | 0.0 | 360 | Locomotion(0.77) | Empty | 0.00 | 1.00 | 76016330.0 | 500000000
  2.566 | - | 2.01 | 1.00 | 0.00 | 0.0 | 0 | Locomotion(0.78) | Empty | 0.00 | 1.00 | 76016230.0 | 500000000
  2.583 | - | 2.06 | 1.00 | 0.00 | 0.0 | 0 | Locomotion(0.79) | Empty | 0.00 | 1.00 | 76016130.0 | 500000000
  2.600 | - | 2.10 | 1.00 | 0.00 | 0.0 | 0 | Locomotion(0.80) | Empty | 0.00 | 1.00 | 76016030.0 | 500000000
  2.616 | - | 2.14 | 1.00 | 0.00 | 0.0 | 0 | Locomotion(0.81) | Empty | 0.00 | 1.00 | 76015940.0 | 500000000
  2.633 | - | 2.18 | 1.00 | 0.00 | 0.0 | 0 | Locomotion(0.82) | Empty | 0.00 | 1.00 | 76015830.0 | 500000000
  2.649 | - | 2.21 | 1.00 | 0.00 | 0.0 | 0 | Locomotion(0.83) | Empty | 0.00 | 1.00 | 76015740.0 | 500000000
  2.666 | - | 2.24 | 1.00 | 0.00 | 0.0 | 0 | Locomotion(0.84) | Empty | 0.00 | 1.00 | 76015630.0 | 500000000
  2.683 | - | 2.28 | 1.00 | 0.00 | 0.0 | 0 | Locomotion(0.84) | Empty | 0.00 | 1.00 | 76015530.0 | 500000000
  2.699 | - | 2.31 | 1.00 | 0.00 | 0.0 | 0 | Locomotion(0.85) | Empty | 0.00 | 1.00 | 76015430.0 | 500000000
  2.716 | - | 2.33 | 1.00 | 0.00 | 0.0 | 0 | Locomotion(0.86) | Empty | 0.00 | 1.00 | 76015340.0 | 500000000
  2.733 | - | 2.36 | 1.00 | 0.00 | 0.0 | 0 | Locomotion(0.87) | Empty | 0.00 | 1.00 | 76015230.0 | 500000000
  2.749 | - | 2.39 | 1.00 | 0.00 | 0.0 | 0 | Locomotion(0.88) | Empty | 0.00 | 1.00 | 76015140.0 | 500000000
  2.766 | - | 2.41 | 1.00 | 0.00 | 0.0 | 0 | Locomotion(0.89) | Empty | 0.00 | 1.00 | 76015030.0 | 500000000
  2.783 | - | 2.43 | 1.00 | 0.00 | 0.0 | 0 | Locomotion(0.90) | Empty | 0.00 | 1.00 | 76014940.0 | 500000000
  2.799 | - | 2.45 | 1.00 | 0.00 | 0.0 | 0 | Locomotion(0.91) | Empty | 0.00 | 1.00 | 76014840.0 | 500000000
  2.816 | - | 2.48 | 1.00 | 0.00 | 0.0 | 0 | Locomotion(0.92) | Empty | 0.00 | 1.00 | 76014740.0 | 500000000
  2.833 | - | 2.50 | 1.00 | 0.00 | 0.0 | 0 | Locomotion(0.93) | Empty | 0.00 | 1.00 | 76014640.0 | 500000000
  2.849 | - | 2.51 | 1.00 | 0.00 | 0.0 | 0 | Locomotion(0.94) | Empty | 0.00 | 1.00 | 76014540.0 | 500000000
  2.867 | - | 2.53 | 1.00 | 0.00 | 0.0 | 0 | Locomotion(0.94) | Empty | 0.00 | 1.00 | 76014440.0 | 500000000

===  3-10 Aynalı Adım [Kılıç] başlangıç 8,0 m, kalıp iki_kapi, boss r=0,85, oyuncu r=0,50, temas 1,35
  sonuç: GEÇTİ isabet=True konum=ön→ön gövde=True tek=True hata=True süre=True sıçrama_yok=True yerde=True ayak=0,00/0,00 hasar=0,0 etki=[] bacak=[0/16 kare koşu]
  not: hasarsız skill (base_damage 0): etki hareketin kendisi
  not: vuruş 2: 0,42s@boss8,18m/oyuncu0,00m 0,82s@boss5,23m/oyuncu0,00m
  not: kalıp sonu: merkeze 5,23 m, başlangıçtan 3,00 m, kalıp simülasyonundan 0,00 m, boss 0,23 m kaydı
  log: LOG [Motion] 3-10 → İki kapılı portal
  log: LOG [Mechanic] 3-10/Kılıç: Portal · Ayna eşli — kılıç yayı → çizgi 3.6m, sende (karşı noktada eşi). Etkiler: portal→sen 3 4sn [portal_cifti,yol:yay_kayma]; yansit→sen 0.3 2sn [ayna_sifati]
  log: LOG [Mechanic] kendine 3-10/Kılıç: portal sistemi
  t | faz | merkez_m | taraf(+ön/-arka) | yan_m | hız_mps | yaw | taban_state(norm) | üst_state | Speed | Playback | bossHP | oyuncuHP
  0.017 | - | 8.01 | 1.00 | 0.00 | 0.0 | 0 | Locomotion(1.00) | Empty | 0.00 | 1.00 | 76014240.0 | 500000000
  0.034 | - | 8.03 | 1.00 | 0.00 | 0.0 | 0 | Locomotion(1.01) | Empty | 0.00 | 1.00 | 76014240.0 | 500000000
  0.050 | - | 8.04 | 1.00 | 0.00 | 0.0 | 0 | Locomotion(1.02) | Empty | 0.00 | 1.00 | 76014240.0 | 500000000
  0.066 | - | 8.05 | 1.00 | 0.00 | 0.0 | 0 | CastSweep(0.05) | Empty | 0.00 | 1.00 | 76014240.0 | 500000000
  0.083 | - | 8.06 | 1.00 | 0.00 | 0.0 | 0 | CastSweep(0.07) | Empty | 0.00 | 1.00 | 76014240.0 | 500000000
  0.100 | - | 8.07 | 1.00 | 0.00 | 0.0 | 0 | CastSweep(0.09) | Empty | 0.00 | 1.00 | 76014240.0 | 500000000
  0.118 | - | 8.08 | 1.00 | 0.00 | 0.0 | 0 | CastSweep(0.11) | Empty | 0.00 | 1.00 | 76014240.0 | 500000000
  0.134 | - | 8.09 | 1.00 | 0.00 | 0.0 | 0 | CastSweep(0.13) | Empty | 0.00 | 1.00 | 76014240.0 | 500000000
  0.150 | - | 8.09 | 1.00 | 0.00 | 0.0 | 0 | CastSweep(0.15) | Empty | 0.00 | 1.00 | 76014240.0 | 500000000
  0.167 | - | 8.10 | 1.00 | 0.00 | 0.0 | 0 | CastSweep(0.17) | Empty | 0.00 | 1.00 | 76014240.0 | 500000000
  0.183 | - | 8.11 | 1.00 | 0.00 | 0.0 | 0 | CastSweep(0.18) | Empty | 0.00 | 1.00 | 76014240.0 | 500000000
  0.200 | - | 8.12 | 1.00 | 0.00 | 0.0 | 0 | CastSweep(0.20) | Empty | 0.00 | 1.00 | 76014240.0 | 500000000
  0.217 | - | 8.12 | 1.00 | 0.00 | 0.0 | 0 | CastSweep(0.22) | Empty | 0.00 | 1.00 | 76014240.0 | 500000000
  0.234 | - | 8.13 | 1.00 | 0.00 | 0.0 | 0 | CastSweep(0.24) | Empty | 0.00 | 1.00 | 76014240.0 | 500000000
  0.250 | - | 8.14 | 1.00 | 0.00 | 0.0 | 0 | CastSweep(0.26) | Empty | 0.00 | 1.00 | 76014240.0 | 500000000
  0.267 | - | 8.14 | 1.00 | 0.00 | 0.0 | 0 | CastSweep(0.28) | Empty | 0.00 | 1.00 | 76014240.0 | 500000000
  0.284 | - | 8.15 | 1.00 | 0.00 | 0.0 | 0 | CastSweep(0.30) | Empty | 0.00 | 1.00 | 76014240.0 | 500000000
  0.300 | - | 8.15 | 1.00 | 0.00 | 0.0 | 0 | CastSweep(0.31) | Empty | 0.00 | 1.00 | 76014240.0 | 500000000
  0.318 | - | 8.16 | 1.00 | 0.00 | 0.0 | 0 | CastSweep(0.33) | Empty | 0.00 | 1.00 | 76014240.0 | 500000000
  0.334 | - | 8.16 | 1.00 | 0.00 | 0.0 | 0 | CastSweep(0.35) | Empty | 0.00 | 1.00 | 76014240.0 | 500000000
  0.350 | - | 8.17 | 1.00 | 0.00 | 0.0 | 0 | CastSweep(0.37) | Empty | 0.00 | 1.00 | 76014240.0 | 500000000
  0.368 | birak | 8.17 | 1.00 | 0.00 | 0.0 | 0 | CastSweep(0.02) | Empty | 0.00 | 1.00 | 76014240.0 | 500000000
  0.384 | birak | 8.17 | 1.00 | 0.00 | 0.0 | 0 | CastSweep(0.04) | Empty | 0.00 | 1.00 | 76014240.0 | 500000000
  0.401 | birak | 8.18 | 1.00 | 0.00 | 0.0 | 0 | CastSweep(0.06) | Empty | 0.00 | 1.00 | 76014240.0 | 500000000
  0.417 | birak | 8.18 | 1.00 | 0.00 | 0.0 | 0 | CastChannel(0.05) | Empty | 0.00 | 1.00 | 76014240.0 | 500000000 | VURUŞ@boss8,18m
  0.434 | birak | 8.18 | 1.00 | 0.00 | 0.0 | 0 | CastChannel(0.07) | Empty | 0.00 | 1.00 | 76014240.0 | 500000000
  0.450 | birak | 8.19 | 1.00 | 0.00 | 0.0 | 0 | CastChannel(0.08) | Empty | 0.00 | 1.00 | 76014240.0 | 500000000
  0.467 | birak | 8.19 | 1.00 | 0.00 | 0.0 | 0 | CastChannel(0.10) | Empty | 0.00 | 1.00 | 76014240.0 | 500000000
  0.484 | atil | 8.04 | 1.00 | 0.00 | 9.4 | 0 | CastChannel(0.12) | Empty | 0.00 | 1.00 | 76014240.0 | 500000000
  0.500 | atil | 7.85 | 1.00 | 0.00 | 11.5 | 0 | CastChannel(0.13) | Empty | 0.00 | 1.00 | 76014240.0 | 500000000
  0.517 | atil | 7.66 | 1.00 | 0.00 | 11.5 | 0 | CastChannel(0.15) | Empty | 0.00 | 1.00 | 76014240.0 | 500000000
  0.534 | atil | 7.47 | 1.00 | 0.00 | 11.5 | 0 | CastPierce(0.06) | Empty | 0.00 | 1.00 | 76014240.0 | 500000000
  0.551 | atil | 7.27 | 1.00 | 0.00 | 11.5 | 0 | CastPierce(0.08) | Empty | 0.00 | 1.00 | 76014240.0 | 500000000
  0.567 | atil | 7.09 | 1.00 | 0.00 | 11.5 | 0 | CastPierce(0.10) | Empty | 0.00 | 1.00 | 76014240.0 | 500000000
  0.583 | atil | 6.90 | 1.00 | 0.00 | 11.5 | 0 | CastPierce(0.12) | Empty | 0.00 | 1.00 | 76014240.0 | 500000000
  0.600 | atil | 6.71 | 1.00 | 0.00 | 11.5 | 0 | CastPierce(0.14) | Empty | 0.00 | 1.00 | 76014240.0 | 500000000
  0.617 | atil | 6.51 | 1.00 | 0.00 | 11.5 | 0 | CastPierce(0.16) | Empty | 0.00 | 1.00 | 76014240.0 | 500000000
  0.634 | atil | 6.32 | 1.00 | 0.00 | 11.5 | 0 | CastPierce(0.18) | Empty | 0.00 | 1.00 | 76014240.0 | 500000000
  0.650 | atil | 6.14 | 1.00 | 0.00 | 11.5 | 0 | CastPierce(0.20) | Empty | 0.00 | 1.00 | 76014240.0 | 500000000
  0.666 | atil | 5.95 | 1.00 | 0.00 | 11.5 | 0 | CastPierce(0.22) | Empty | 0.00 | 1.00 | 76014240.0 | 500000000
  0.684 | atil | 5.75 | 1.00 | 0.00 | 11.5 | 0 | CastPierce(0.24) | Empty | 0.00 | 1.00 | 76014240.0 | 500000000
  0.701 | atil | 5.56 | 1.00 | 0.00 | 11.5 | 0 | CastPierce(0.26) | Empty | 0.00 | 1.00 | 76014240.0 | 500000000
  0.717 | atil | 5.38 | 1.00 | 0.00 | 11.5 | 0 | CastPierce(0.28) | Empty | 0.00 | 1.00 | 76014240.0 | 500000000
  0.734 | kapi | 5.22 | 1.00 | 0.00 | 9.0 | 0 | CastPierce(0.30) | Empty | 0.00 | 1.00 | 76014240.0 | 500000000
  0.750 | kapi | 5.22 | 1.00 | 0.00 | 0.0 | 0 | CastPierce(0.32) | Empty | 0.00 | 1.00 | 76014240.0 | 500000000
  0.768 | kapi | 5.22 | 1.00 | 0.00 | 0.0 | 0 | CastPierce(0.34) | Empty | 0.00 | 1.00 | 76014240.0 | 500000000
  0.783 | kapi | 5.23 | 1.00 | 0.00 | 0.0 | 0 | CastChannel(0.05) | Empty | 0.00 | 1.00 | 76014240.0 | 500000000
  0.801 | kapi | 5.23 | 1.00 | 0.00 | 0.0 | 0 | CastChannel(0.07) | Empty | 0.00 | 1.00 | 76014240.0 | 500000000
  0.817 | kapi | 5.23 | 1.00 | 0.00 | 0.0 | 0 | CastChannel(0.08) | Empty | 0.00 | 1.00 | 76014240.0 | 500000000 | VURUŞ@boss5,23m
  0.834 | kapi | 5.23 | 1.00 | 0.00 | 0.0 | 0 | CastChannel(0.10) | Empty | 0.00 | 1.00 | 76014240.0 | 500000000
  0.850 | kapi | 5.23 | 1.00 | 0.00 | 0.0 | 0 | CastChannel(0.12) | Empty | 0.00 | 1.00 | 76014240.0 | 500000000
  0.867 | kapi | 5.23 | 1.00 | 0.00 | 0.0 | 0 | CastChannel(0.13) | Empty | 0.00 | 1.00 | 76014240.0 | 500000000
  0.884 | kapi | 5.23 | 1.00 | 0.00 | 0.0 | 0 | CastChannel(0.15) | Empty | 0.00 | 1.00 | 76014240.0 | 500000000
  0.900 |  | 5.23 | 1.00 | 0.00 | 0.0 | 0 | CastChannel(0.17) | Empty | 0.00 | 1.00 | 76014240.0 | 500000000
  0.917 | - | 5.23 | 1.00 | 0.00 | 0.0 | 0 | CastChannel(0.18) | Empty | 0.00 | 1.00 | 76014240.0 | 500000000
  0.933 | - | 5.23 | 1.00 | 0.00 | 0.0 | 0 | CastChannel(0.20) | Empty | 0.00 | 1.00 | 76014240.0 | 500000000
  0.950 | - | 5.23 | 1.00 | 0.00 | 0.0 | 0 | CastChannel(0.22) | Empty | 0.00 | 1.00 | 76014240.0 | 500000000
  0.967 | - | 5.23 | 1.00 | 0.00 | 0.0 | 0 | CastChannel(0.23) | Empty | 0.00 | 1.00 | 76014240.0 | 500000000
  0.983 | - | 5.24 | 1.00 | 0.00 | 0.0 | 0 | CastChannel(0.25) | Empty | 0.00 | 1.00 | 76014240.0 | 500000000
  1.000 | - | 5.24 | 1.00 | 0.00 | 0.0 | 0 | CastChannel(0.27) | Empty | 0.00 | 1.00 | 76014240.0 | 500000000
  1.017 | - | 5.24 | 1.00 | 0.00 | 0.0 | 0 | CastChannel(0.28) | Empty | 0.00 | 1.00 | 76014240.0 | 500000000
  1.033 | - | 5.24 | 1.00 | 0.00 | 0.0 | 0 | CastChannel(0.30) | Empty | 0.00 | 1.00 | 76014240.0 | 500000000
  1.051 | - | 5.24 | 1.00 | 0.00 | 0.0 | 0 | CastChannel(0.32) | Empty | 0.00 | 1.00 | 76014240.0 | 500000000
  1.068 | - | 5.24 | 1.00 | 0.00 | 0.0 | 0 | CastChannel(0.33) | Empty | 0.00 | 1.00 | 76014240.0 | 500000000
  1.085 | - | 5.24 | 1.00 | 0.00 | 0.0 | 0 | CastChannel(0.35) | Empty | 0.00 | 1.00 | 76014240.0 | 500000000
  1.104 | - | 5.24 | 1.00 | 0.00 | 0.0 | 0 | CastChannel(0.37) | Empty | 0.00 | 1.00 | 76014240.0 | 500000000
  1.117 | - | 5.24 | 1.00 | 0.00 | 0.0 | 0 | CastChannel(0.38) | Empty | 0.00 | 1.00 | 76014240.0 | 500000000
  1.134 | - | 5.24 | 1.00 | 0.00 | 0.0 | 0 | CastChannel(0.40) | Empty | 0.00 | 1.00 | 76014240.0 | 500000000
  1.150 | - | 5.24 | 1.00 | 0.00 | 0.0 | 0 | CastChannel(0.42) | Empty | 0.00 | 1.00 | 76014240.0 | 500000000
  1.167 | - | 5.24 | 1.00 | 0.00 | 0.0 | 0 | CastChannel(0.43) | Empty | 0.00 | 1.00 | 76014240.0 | 500000000
  1.182 | - | 5.24 | 1.00 | 0.00 | 0.0 | 0 | CastChannel(0.45) | Empty | 0.00 | 1.00 | 76014240.0 | 500000000
  1.222 | - | 5.24 | 1.00 | 0.00 | 0.0 | 0 | CastChannel(0.49) | Empty | 0.00 | 1.00 | 76014240.0 | 500000000
  1.230 | - | 5.24 | 1.00 | 0.00 | 0.0 | 0 | CastChannel(0.50) | Empty | 0.00 | 1.00 | 76014240.0 | 500000000
  1.246 | - | 5.24 | 1.00 | 0.00 | 0.0 | 0 | CastChannel(0.51) | Empty | 0.00 | 1.00 | 76014240.0 | 500000000
  1.263 | - | 5.24 | 1.00 | 0.00 | 0.0 | 0 | CastChannel(0.53) | Empty | 0.00 | 1.00 | 76014240.0 | 500000000
  1.280 | - | 5.24 | 1.00 | 0.00 | 0.0 | 0 | CastChannel(0.55) | Empty | 0.00 | 1.00 | 76014240.0 | 500000000
  1.296 | - | 5.24 | 1.00 | 0.00 | 0.0 | 0 | CastChannel(0.56) | Empty | 0.00 | 1.00 | 76014240.0 | 500000000
  1.313 | - | 5.24 | 1.00 | 0.00 | 0.0 | 0 | CastChannel(0.58) | Empty | 0.00 | 1.00 | 76014240.0 | 500000000
  1.331 | - | 5.24 | 1.00 | 0.00 | 0.0 | 0 | CastChannel(0.60) | Empty | 0.00 | 1.00 | 76014240.0 | 500000000
  1.347 | - | 5.24 | 1.00 | 0.00 | 0.0 | 0 | CastChannel(0.61) | Empty | 0.00 | 1.00 | 76014240.0 | 500000000
  1.363 | - | 5.24 | 1.00 | 0.00 | 0.0 | 0 | CastChannel(0.63) | Empty | 0.00 | 1.00 | 76014240.0 | 500000000
  1.380 | - | 5.24 | 1.00 | 0.00 | 0.0 | 0 | CastChannel(0.65) | Empty | 0.00 | 1.00 | 76014240.0 | 500000000
  1.397 | - | 5.24 | 1.00 | 0.00 | 0.0 | 0 | CastChannel(0.66) | Empty | 0.00 | 1.00 | 76014240.0 | 500000000
  1.413 | - | 5.24 | 1.00 | 0.00 | 0.0 | 0 | CastChannel(0.68) | Empty | 0.00 | 1.00 | 76014240.0 | 500000000

