# Play taraması sweepv2-111-playcheck-1x @ 1x — 2/2 geçti @ 1x (Kılıç: 2/2)
Yere basma en kötü (havada değil ≤ 0.05 m × kare/(1/60), bitiş+0,30 sn ≤ 0.03 m, hızdan bağımsız): 1-11 canlı 0,00 m / iniş 0,00 m, 1-11 canlı 0,00 m / iniş 0,00 m

=== sabit 1-11 Kopya Vuruş [Kılıç] başlangıç 3,0 m, kalıp golge_yankisi, boss r=0,75, oyuncu r=0,50, temas 1,25
  sonuç: GEÇTİ isabet=True konum=ön→ön gövde=True tek=True hata=True süre=True sıçrama_yok=True yerde=True ayak=0,00/0,00 hasar=94472,0 etki=[boss:Burn] bacak=[0/10 kare koşu]
  not: vuruş 2: 0,47s@boss1,19m/oyuncu1,15m 0,78s@boss2,67m/oyuncu1,39m
  not: kalıp sonu: merkeze 3,09 m, başlangıçtan 0,90 m, kalıp simülasyonundan 0,00 m, boss 0,99 m kaydı
  log: LOG [Motion] 1-11 → Gölge yankısı
  log: LOG [Mechanic] 1-11/Kılıç: Çift — kılıç yayı → kapsül 1.8m, önünde yay (2 kez (kopya)). Etkiler: can→düşman -40 [iki_kez]
  t | faz | merkez_m | taraf(+ön/-arka) | yan_m | hız_mps | yaw | taban_state(norm) | üst_state | Speed | Playback | bossHP | oyuncuHP
  0.017 | - | 3.00 | 1.00 | 0.00 | 0.0 | 0 | Locomotion(1.25) | Empty | 0.00 | 1.00 | 76707510.0 | 500000000
  0.033 | - | 3.00 | 1.00 | 0.00 | 0.0 | 0 | Locomotion(1.26) | Empty | 0.00 | 1.00 | 76707510.0 | 500000000
  0.050 | - | 3.00 | 1.00 | 0.00 | 0.0 | 0 | Locomotion(1.27) | Empty | 0.00 | 1.00 | 76707510.0 | 500000000
  0.067 | - | 3.00 | 1.00 | 0.00 | 0.0 | 0 | CastPierce(0.06) | Empty | 0.00 | 1.00 | 76707510.0 | 500000000
  0.084 | - | 3.00 | 1.00 | 0.00 | 0.0 | 0 | CastPierce(0.08) | Empty | 0.00 | 1.00 | 76707510.0 | 500000000
  0.100 | - | 3.00 | 1.00 | 0.00 | 0.0 | 0 | CastPierce(0.10) | Empty | 0.00 | 1.00 | 76707510.0 | 500000000
  0.117 | - | 3.00 | 1.00 | 0.00 | 0.0 | 0 | CastPierce(0.12) | Empty | 0.00 | 1.00 | 76707510.0 | 500000000
  0.134 | - | 3.00 | 1.00 | 0.00 | 0.0 | 0 | CastPierce(0.14) | Empty | 0.00 | 1.00 | 76707510.0 | 500000000
  0.150 | - | 3.00 | 1.00 | 0.00 | 0.0 | 0 | CastPierce(0.16) | Empty | 0.00 | 1.00 | 76707510.0 | 500000000
  0.166 | - | 3.00 | 1.00 | 0.00 | 0.0 | 0 | CastPierce(0.18) | Empty | 0.00 | 1.00 | 76707510.0 | 500000000
  0.184 | - | 3.00 | 1.00 | 0.00 | 0.0 | 0 | CastPierce(0.20) | Empty | 0.00 | 1.00 | 76707510.0 | 500000000
  0.200 | - | 3.00 | 1.00 | 0.00 | 0.0 | 0 | CastPierce(0.22) | Empty | 0.00 | 1.00 | 76707510.0 | 500000000
  0.216 | - | 3.00 | 1.00 | 0.00 | 0.0 | 0 | CastPierce(0.24) | Empty | 0.00 | 1.00 | 76707510.0 | 500000000
  0.234 | - | 3.00 | 1.00 | 0.00 | 0.0 | 0 | CastPierce(0.26) | Empty | 0.00 | 1.00 | 76707510.0 | 500000000
  0.250 | - | 3.00 | 1.00 | 0.00 | 0.0 | 0 | CastPierce(0.28) | Empty | 0.00 | 1.00 | 76707510.0 | 500000000
  0.267 | - | 3.00 | 1.00 | 0.00 | 0.0 | 0 | CastPierce(0.30) | Empty | 0.00 | 1.00 | 76707510.0 | 500000000
  0.283 | - | 3.00 | 1.00 | 0.00 | 0.0 | 0 | CastPierce(0.32) | Empty | 0.00 | 1.00 | 76707510.0 | 500000000
  0.300 | - | 3.00 | 1.00 | 0.00 | 0.0 | 0 | CastPierce(0.34) | Empty | 0.00 | 1.00 | 76707510.0 | 500000000
  0.318 | - | 3.00 | 1.00 | 0.00 | 0.0 | 0 | CastPierce(0.36) | Empty | 0.00 | 1.00 | 76707510.0 | 500000000
  0.333 | - | 3.00 | 1.00 | 0.00 | 0.0 | 0 | CastPierce(0.38) | Empty | 0.00 | 1.00 | 76707510.0 | 500000000
  0.350 | - | 3.00 | 1.00 | 0.00 | 0.0 | 0 | CastPierce(0.40) | Empty | 0.00 | 1.00 | 76707510.0 | 500000000
  0.367 | vur | 2.90 | 1.00 | 0.00 | 5.6 | 0 | CastPierce(0.02) | Empty | 0.00 | 1.00 | 76707510.0 | 500000000
  0.384 | vur | 2.81 | 1.00 | 0.00 | 5.6 | 0 | CastPierce(0.04) | Empty | 0.00 | 1.00 | 76707510.0 | 500000000
  0.401 | vur | 2.72 | 1.00 | 0.00 | 5.6 | 0 | CastPierce(0.06) | Empty | 0.00 | 1.00 | 76707510.0 | 500000000
  0.416 | vur | 2.63 | 1.00 | 0.00 | 5.6 | 0 | BasicStrike(0.08) | Empty | 0.00 | 1.00 | 76707510.0 | 500000000
  0.433 | vur | 2.53 | 1.00 | 0.00 | 5.6 | 0 | BasicStrike(0.11) | Empty | 0.00 | 1.00 | 76707510.0 | 500000000
  0.450 | vur | 2.44 | 1.00 | 0.00 | 5.6 | 0 | BasicStrike(0.14) | Empty | 0.00 | 1.00 | 76707510.0 | 500000000
  0.467 | vur | 2.34 | 1.00 | 0.00 | 5.6 | 0 | BasicStrike(0.17) | Empty | 0.00 | 1.00 | 76618440.0 | 500000000 | VURUŞ@boss1,20m
  0.467 | vur | 2.34 | 1.00 | 0.00 | 0.0 | 0 | BasicStrike(0.19) | Empty | 0.00 | 1.00 | 76618440.0 | 500000000
  0.467 | vur | 2.34 | 1.00 | 0.00 | 0.0 | 0 | BasicStrike(0.22) | Empty | 0.00 | 1.00 | 76618440.0 | 500000000
  0.467 | vur | 2.34 | 1.00 | 0.00 | 0.0 | 0 | BasicStrike(0.25) | Empty | 0.00 | 1.00 | 76618440.0 | 500000000
  0.467 | vur | 2.34 | 1.00 | 0.00 | 0.0 | 0 | BasicStrike(0.28) | Empty | 0.00 | 1.00 | 76618440.0 | 500000000
  0.467 | vur | 2.34 | 1.00 | 0.00 | 0.0 | 0 | BasicStrike(0.31) | Empty | 0.00 | 1.00 | 76618440.0 | 500000000
  0.483 | vur | 2.32 | 1.00 | 0.00 | 5.6 | 0 | BasicStrike(0.33) | Empty | 0.00 | 1.00 | 76618340.0 | 500000000
  0.500 | vur | 2.29 | 1.00 | 0.00 | 5.6 | 360 | BasicStrike(0.36) | Empty | 0.00 | 1.00 | 76618240.0 | 500000000
  0.516 | bekle | 2.31 | 1.00 | 0.00 | 3.5 | 360 | BasicStrike(0.39) | Empty | 2.24 | 1.86 | 76618140.0 | 500000000
  0.534 | bekle | 2.36 | 1.00 | 0.00 | 0.0 | 360 | BasicStrike(0.42) | Empty | 0.00 | 1.00 | 76618040.0 | 500000000
  0.550 | bekle | 2.41 | 1.00 | 0.00 | 0.0 | 0 | BasicStrike(0.44) | Empty | 0.00 | 1.00 | 76617940.0 | 500000000
  0.566 | bekle | 2.47 | 1.00 | 0.00 | 0.0 | 0 | Locomotion(0.03) | Empty | 0.00 | 1.00 | 76617850.0 | 500000000
  0.583 | bekle | 2.52 | 1.00 | 0.00 | 0.0 | 0 | Locomotion(0.04) | Empty | 0.00 | 1.00 | 76617740.0 | 500000000
  0.600 | bekle | 2.57 | 1.00 | 0.00 | 0.0 | 0 | Locomotion(0.05) | Empty | 0.00 | 1.00 | 76617640.0 | 500000000
  0.617 | bekle | 2.61 | 1.00 | 0.00 | 0.0 | 0 | Locomotion(0.05) | Empty | 0.00 | 1.00 | 76617540.0 | 500000000
  0.633 | bekle | 2.66 | 1.00 | 0.00 | 0.0 | 0 | Locomotion(0.06) | Empty | 0.00 | 1.00 | 76617450.0 | 500000000
  0.650 | bekle | 2.70 | 1.00 | 0.00 | 0.0 | 0 | Locomotion(0.07) | Empty | 0.00 | 1.00 | 76617340.0 | 500000000
  0.666 | bekle | 2.74 | 1.00 | 0.00 | 0.0 | 0 | Locomotion(0.08) | Empty | 0.00 | 1.00 | 76617250.0 | 500000000
  0.683 | bekle | 2.78 | 1.00 | 0.00 | 0.0 | 0 | Locomotion(0.09) | Empty | 0.00 | 1.00 | 76617140.0 | 500000000
  0.700 | bekle | 2.81 | 1.00 | 0.00 | 0.0 | 0 | Locomotion(0.10) | Empty | 0.00 | 1.00 | 76617050.0 | 500000000
  0.717 | bekle | 2.84 | 1.00 | 0.00 | 0.0 | 0 | Locomotion(0.11) | Empty | 0.00 | 1.00 | 76616940.0 | 500000000
  0.733 | bekle | 2.87 | 1.00 | 0.00 | 0.0 | 0 | Locomotion(0.12) | Empty | 0.00 | 1.00 | 76616840.0 | 500000000
  0.750 | bekle | 2.90 | 1.00 | 0.00 | 0.0 | 0 | Locomotion(0.13) | Empty | 0.00 | 1.00 | 76616740.0 | 500000000
  0.767 | yanki | 2.93 | 1.00 | 0.00 | 0.0 | 0 | Locomotion(0.14) | Empty | 0.00 | 1.00 | 76616640.0 | 500000000
  0.784 | yanki | 2.96 | 1.00 | 0.00 | 0.0 | 0 | Locomotion(0.15) | Empty | 0.00 | 1.00 | 76616540.0 | 500000000 | VURUŞ@boss2,67m
  0.800 | yanki | 2.98 | 1.00 | 0.00 | 0.0 | 0 | Locomotion(0.15) | Empty | 0.00 | 1.00 | 76616440.0 | 500000000
  0.816 | yanki | 3.01 | 1.00 | 0.00 | 0.0 | 0 | CastChannel(0.05) | Empty | 0.00 | 1.00 | 76616340.0 | 500000000
  0.833 | yanki | 3.03 | 1.00 | 0.00 | 0.0 | 0 | CastChannel(0.07) | Empty | 0.00 | 1.00 | 76616230.0 | 500000000
  0.850 | yanki | 3.05 | 1.00 | 0.00 | 0.0 | 0 | CastChannel(0.08) | Empty | 0.00 | 1.00 | 76616140.0 | 500000000
  0.866 |  | 3.07 | 1.00 | 0.00 | 0.0 | 0 | CastChannel(0.10) | Empty | 0.00 | 1.00 | 76616040.0 | 500000000
  0.883 | - | 3.09 | 1.00 | 0.00 | 0.0 | 0 | CastChannel(0.12) | Empty | 0.00 | 1.00 | 76615940.0 | 500000000
  0.900 | - | 3.11 | 1.00 | 0.00 | 0.0 | 0 | CastChannel(0.13) | Empty | 0.00 | 1.00 | 76615840.0 | 500000000
  0.917 | - | 3.13 | 1.00 | 0.00 | 0.0 | 0 | CastChannel(0.15) | Empty | 0.00 | 1.00 | 76615740.0 | 500000000
  0.935 | - | 3.15 | 1.00 | 0.00 | 0.0 | 0 | CastChannel(0.17) | Empty | 0.00 | 1.00 | 76615620.0 | 500000000
  0.950 | - | 3.16 | 1.00 | 0.00 | 0.0 | 0 | CastChannel(0.18) | Empty | 0.00 | 1.00 | 76615540.0 | 500000000
  0.966 | - | 3.18 | 1.00 | 0.00 | 0.0 | 0 | CastChannel(0.20) | Empty | 0.00 | 1.00 | 76615440.0 | 500000000
  0.983 | - | 3.19 | 1.00 | 0.00 | 0.0 | 0 | CastChannel(0.22) | Empty | 0.00 | 1.00 | 76615340.0 | 500000000
  1.000 | - | 3.20 | 1.00 | 0.00 | 0.0 | 0 | CastChannel(0.23) | Empty | 0.00 | 1.00 | 76615240.0 | 500000000
  1.017 | - | 3.22 | 1.00 | 0.00 | 0.0 | 0 | CastChannel(0.25) | Empty | 0.00 | 1.00 | 76615140.0 | 500000000
  1.033 | - | 3.23 | 1.00 | 0.00 | 0.0 | 0 | CastChannel(0.27) | Empty | 0.00 | 1.00 | 76615030.0 | 500000000
  1.050 | - | 3.24 | 1.00 | 0.00 | 0.0 | 0 | CastChannel(0.28) | Empty | 0.00 | 1.00 | 76614940.0 | 500000000
  1.066 | - | 3.25 | 1.00 | 0.00 | 0.0 | 0 | CastChannel(0.30) | Empty | 0.00 | 1.00 | 76614840.0 | 500000000
  1.083 | - | 3.26 | 1.00 | 0.00 | 0.0 | 0 | CastChannel(0.32) | Empty | 0.00 | 1.00 | 76614740.0 | 500000000
  1.100 | - | 3.27 | 1.00 | 0.00 | 0.0 | 0 | CastChannel(0.33) | Empty | 0.00 | 1.00 | 76614640.0 | 500000000
  1.116 | - | 3.28 | 1.00 | 0.00 | 0.0 | 0 | CastChannel(0.35) | Empty | 0.00 | 1.00 | 76614540.0 | 500000000
  1.133 | - | 3.29 | 1.00 | 0.00 | 0.0 | 0 | CastChannel(0.37) | Empty | 0.00 | 1.00 | 76614440.0 | 500000000
  1.150 | - | 3.30 | 1.00 | 0.00 | 0.0 | 0 | CastChannel(0.38) | Empty | 0.00 | 1.00 | 76614340.0 | 500000000
  1.166 | - | 3.31 | 1.00 | 0.00 | 0.0 | 0 | CastChannel(0.40) | Empty | 0.00 | 1.00 | 76614240.0 | 500000000
  1.183 | - | 3.31 | 1.00 | 0.00 | 0.0 | 0 | CastChannel(0.42) | Empty | 0.00 | 1.00 | 76614140.0 | 500000000
  1.200 | - | 3.32 | 1.00 | 0.00 | 0.0 | 0 | CastChannel(0.43) | Empty | 0.00 | 1.00 | 76614040.0 | 500000000
  1.216 | - | 3.33 | 1.00 | 0.00 | 0.0 | 0 | CastChannel(0.45) | Empty | 0.00 | 1.00 | 76613940.0 | 500000000
  1.233 | - | 3.33 | 1.00 | 0.00 | 0.0 | 0 | CastChannel(0.47) | Empty | 0.00 | 1.00 | 76613840.0 | 500000000
  1.250 | - | 3.34 | 1.00 | 0.00 | 0.0 | 0 | CastChannel(0.48) | Empty | 0.00 | 1.00 | 76613740.0 | 500000000
  1.267 | - | 3.35 | 1.00 | 0.00 | 0.0 | 0 | CastChannel(0.50) | Empty | 0.00 | 1.00 | 76613640.0 | 500000000
  1.283 | - | 3.35 | 1.00 | 0.00 | 0.0 | 0 | CastChannel(0.52) | Empty | 0.00 | 1.00 | 76613540.0 | 500000000
  1.300 | - | 3.36 | 1.00 | 0.00 | 0.0 | 0 | CastChannel(0.53) | Empty | 0.00 | 1.00 | 76613440.0 | 500000000
  1.316 | - | 3.36 | 1.00 | 0.00 | 0.0 | 0 | CastChannel(0.55) | Empty | 0.00 | 1.00 | 76613340.0 | 500000000
  1.333 | - | 3.37 | 1.00 | 0.00 | 0.0 | 0 | CastChannel(0.57) | Empty | 0.00 | 1.00 | 76613240.0 | 500000000
  1.350 | - | 3.37 | 1.00 | 0.00 | 0.0 | 0 | CastChannel(0.58) | Empty | 0.00 | 1.00 | 76613140.0 | 500000000
  1.367 | - | 3.37 | 1.00 | 0.00 | 0.0 | 0 | CastChannel(0.60) | Empty | 0.00 | 1.00 | 76613040.0 | 500000000

=== kayma 1-11 Kopya Vuruş [Kılıç] başlangıç 3,0 m, kalıp golge_yankisi, boss r=0,75, oyuncu r=0,50, temas 1,25, oyuncu kayması 1,0 m @0,20 sn
  sonuç: GEÇTİ isabet=True konum=ön→ön gövde=True tek=True hata=True süre=True sıçrama_yok=True yerde=True ayak=0,00/0,00 hasar=201856,0 etki=[boss:Burn] bacak=[0/16 kare koşu]
  not: vuruş 2: 0,47s@boss1,20m/oyuncu1,15m 0,78s@boss1,87m/oyuncu1,39m
  not: kalıp sonu: merkeze 2,10 m, başlangıçtan 1,89 m, kalıp simülasyonundan 0,99 m, boss 0,99 m kaydı
  log: LOG [Motion] 1-11 → Gölge yankısı
  log: LOG [Mechanic] 1-11/Kılıç: Çift — kılıç yayı → kapsül 1.8m, önünde yay (2 kez (kopya)). Etkiler: can→düşman -40 [iki_kez]
  t | faz | merkez_m | taraf(+ön/-arka) | yan_m | hız_mps | yaw | taban_state(norm) | üst_state | Speed | Playback | bossHP | oyuncuHP
  0.017 | - | 3.00 | 1.00 | 0.00 | 0.0 | 0 | Locomotion(0.12) | Empty | 0.00 | 1.00 | 76610940.0 | 500000000
  0.034 | - | 3.00 | 1.00 | 0.00 | 0.0 | 0 | Locomotion(0.13) | Empty | 0.00 | 1.00 | 76610940.0 | 500000000
  0.051 | - | 3.00 | 1.00 | 0.00 | 0.0 | 0 | Locomotion(0.14) | Empty | 0.00 | 1.00 | 76610940.0 | 500000000
  0.067 | - | 3.00 | 1.00 | 0.00 | 0.0 | 0 | CastPierce(0.06) | Empty | 0.00 | 1.00 | 76610940.0 | 500000000
  0.084 | - | 3.00 | 1.00 | 0.00 | 0.0 | 0 | CastPierce(0.08) | Empty | 0.00 | 1.00 | 76610940.0 | 500000000
  0.100 | - | 3.01 | 1.00 | 0.00 | 0.0 | 0 | CastPierce(0.10) | Empty | 0.00 | 1.00 | 76610940.0 | 500000000
  0.117 | - | 3.01 | 1.00 | 0.00 | 0.0 | 0 | CastPierce(0.12) | Empty | 0.00 | 1.00 | 76610940.0 | 500000000
  0.133 | - | 3.01 | 1.00 | 0.00 | 0.0 | 0 | CastPierce(0.14) | Empty | 0.00 | 1.00 | 76610940.0 | 500000000
  0.150 | - | 3.01 | 1.00 | 0.00 | 0.0 | 0 | CastPierce(0.16) | Empty | 0.00 | 1.00 | 76610940.0 | 500000000
  0.167 | - | 3.01 | 1.00 | 0.00 | 0.0 | 0 | CastPierce(0.18) | Empty | 0.00 | 1.00 | 76610940.0 | 500000000
  0.184 | - | 3.01 | 1.00 | 0.00 | 0.0 | 0 | CastPierce(0.20) | Empty | 0.00 | 1.00 | 76610940.0 | 500000000
  0.201 | - | 3.01 | 1.00 | 0.00 | 0.0 | 0 | CastPierce(0.22) | Empty | 0.00 | 1.00 | 76610940.0 | 500000000
  0.218 | - | 3.01 | 1.00 | 0.00 | 0.0 | 0 | CastPierce(0.24) | Empty | 0.00 | 1.00 | 76610940.0 | 500000000
  0.234 | - | 3.01 | 1.00 | 0.00 | 0.0 | 0 | CastPierce(0.26) | Empty | 0.00 | 1.00 | 76610940.0 | 500000000
  0.251 | - | 3.01 | 1.00 | 0.00 | 0.0 | 0 | CastPierce(0.28) | Empty | 0.00 | 1.00 | 76610940.0 | 500000000
  0.267 | - | 3.01 | 1.00 | 0.00 | 0.0 | 0 | CastPierce(0.30) | Empty | 0.00 | 1.00 | 76610940.0 | 500000000
  0.284 | - | 3.01 | 1.00 | 0.00 | 0.0 | 0 | CastPierce(0.32) | Empty | 0.00 | 1.00 | 76610940.0 | 500000000
  0.300 | - | 3.01 | 1.00 | 0.00 | 0.0 | 0 | CastPierce(0.34) | Empty | 0.00 | 1.00 | 76610940.0 | 500000000
  0.317 | - | 3.01 | 1.00 | 0.00 | 0.0 | 0 | CastPierce(0.36) | Empty | 0.00 | 1.00 | 76610940.0 | 500000000
  0.334 | - | 3.01 | 1.00 | 0.00 | 0.0 | 0 | CastPierce(0.38) | Empty | 0.00 | 1.00 | 76610940.0 | 500000000
  0.350 | - | 3.01 | 1.00 | 0.00 | 0.0 | 0 | CastPierce(0.40) | Empty | 0.00 | 1.00 | 76610940.0 | 500000000
  0.367 | vur | 2.92 | 1.00 | 0.00 | 5.6 | 0 | CastPierce(0.02) | Empty | 0.00 | 1.00 | 76610940.0 | 500000000
  0.384 | vur | 2.83 | 1.00 | 0.00 | 5.6 | 0 | CastPierce(0.04) | Empty | 0.00 | 1.00 | 76610940.0 | 500000000
  0.401 | vur | 2.73 | 1.00 | 0.00 | 5.6 | 0 | CastPierce(0.06) | Empty | 0.00 | 1.00 | 76610940.0 | 500000000
  0.417 | vur | 2.64 | 1.00 | 0.00 | 5.6 | 0 | BasicStrike(0.08) | Empty | 0.00 | 1.00 | 76610940.0 | 500000000
  0.434 | vur | 2.55 | 1.00 | 0.00 | 5.6 | 0 | BasicStrike(0.11) | Empty | 0.00 | 1.00 | 76610940.0 | 500000000
  0.451 | vur | 2.45 | 1.00 | 0.00 | 5.6 | 0 | BasicStrike(0.14) | Empty | 0.00 | 1.00 | 76610940.0 | 500000000
  0.467 | vur | 2.36 | 1.00 | 0.00 | 5.6 | 0 | BasicStrike(0.17) | Empty | 0.00 | 1.00 | 76519290.0 | 500000000 | VURUŞ@boss1,21m
  0.467 | vur | 2.35 | 1.00 | 0.01 | 0.0 | 0 | BasicStrike(0.19) | Empty | 0.00 | 1.00 | 76519290.0 | 500000000
  0.467 | vur | 2.35 | 1.00 | 0.01 | 0.0 | 0 | BasicStrike(0.22) | Empty | 0.00 | 1.00 | 76519290.0 | 500000000
  0.467 | vur | 2.35 | 1.00 | 0.01 | 0.0 | 0 | BasicStrike(0.25) | Empty | 0.00 | 1.00 | 76519290.0 | 500000000
  0.467 | vur | 2.35 | 1.00 | 0.01 | 0.0 | 0 | BasicStrike(0.28) | Empty | 0.00 | 1.00 | 76519290.0 | 500000000
  0.467 | vur | 2.35 | 1.00 | 0.01 | 0.0 | 0 | BasicStrike(0.31) | Empty | 0.00 | 1.00 | 76519290.0 | 500000000
  0.484 | vur | 2.32 | 1.00 | -0.01 | 5.6 | 0 | BasicStrike(0.33) | Empty | 0.00 | 1.00 | 76519180.0 | 500000000
  0.501 | vur | 2.31 | 1.00 | 0.00 | 5.6 | 360 | BasicStrike(0.36) | Empty | 0.00 | 1.00 | 76519090.0 | 500000000
  0.518 | bekle | 2.32 | 1.00 | 0.00 | 3.0 | 360 | BasicStrike(0.39) | Empty | 2.24 | 1.63 | 76518980.0 | 500000000
  0.534 | bekle | 2.38 | 1.00 | 0.00 | 0.0 | 360 | BasicStrike(0.42) | Empty | 0.00 | 1.00 | 76518890.0 | 500000000
  0.552 | bekle | 2.44 | 1.00 | 0.00 | 0.0 | 360 | BasicStrike(0.45) | Empty | 0.00 | 1.00 | 76518780.0 | 500000000
  0.568 | bekle | 2.49 | 1.00 | 0.00 | 0.0 | 360 | Locomotion(0.03) | Empty | 0.00 | 1.00 | 76518690.0 | 500000000
  0.584 | bekle | 2.54 | 1.00 | 0.00 | 0.0 | 0 | Locomotion(0.04) | Empty | 0.00 | 1.00 | 76518590.0 | 500000000
  0.601 | bekle | 2.43 | 1.00 | 0.00 | 9.4 | 0 | Locomotion(0.05) | Empty | 0.00 | 1.00 | 76518490.0 | 500000000
  0.618 | bekle | 2.30 | 1.00 | 0.00 | 10.2 | 0 | Locomotion(0.05) | Empty | 0.00 | 1.00 | 76518380.0 | 500000000
  0.634 | bekle | 2.18 | 1.00 | 0.00 | 10.1 | 0 | Locomotion(0.06) | Empty | 0.00 | 1.00 | 76518290.0 | 500000000
  0.651 | bekle | 2.05 | 1.00 | 0.00 | 9.8 | 0 | Locomotion(0.07) | Empty | 0.00 | 1.00 | 76518180.0 | 500000000
  0.667 | bekle | 1.92 | 1.00 | 0.00 | 10.3 | 0 | Locomotion(0.08) | Empty | 0.00 | 1.00 | 76518090.0 | 500000000
  0.684 | bekle | 1.80 | 1.00 | 0.00 | 9.6 | 0 | Locomotion(0.09) | Empty | 0.00 | 1.00 | 76517980.0 | 500000000
  0.700 | bekle | 1.84 | 1.00 | 0.00 | 0.0 | 0 | Locomotion(0.10) | Empty | 0.00 | 1.00 | 76517890.0 | 500000000
  0.717 | bekle | 1.87 | 1.00 | 0.00 | 0.0 | 0 | Locomotion(0.11) | Empty | 0.00 | 1.00 | 76517780.0 | 500000000
  0.734 | bekle | 1.90 | 1.00 | 0.00 | 0.0 | 0 | Locomotion(0.12) | Empty | 0.00 | 1.00 | 76517680.0 | 500000000
  0.751 | yanki | 1.93 | 1.00 | 0.00 | 0.0 | 0 | Locomotion(0.13) | Empty | 0.00 | 1.00 | 76517580.0 | 500000000
  0.767 | yanki | 1.96 | 1.00 | 0.00 | 0.0 | 0 | Locomotion(0.14) | Empty | 0.00 | 1.00 | 76517490.0 | 500000000
  0.784 | yanki | 1.99 | 1.00 | 0.00 | 0.0 | 0 | Locomotion(0.15) | Empty | 0.00 | 1.00 | 76412540.0 | 500000000 | VURUŞ@boss1,87m
  0.784 | yanki | 1.99 | 1.00 | 0.00 | 0.0 | 0 | CastChannel(0.05) | Empty | 0.00 | 1.00 | 76412540.0 | 500000000
  0.784 | yanki | 1.99 | 1.00 | 0.00 | 0.0 | 0 | CastChannel(0.07) | Empty | 0.00 | 1.00 | 76412540.0 | 500000000
  0.784 | yanki | 1.99 | 1.00 | 0.00 | 0.0 | 0 | CastChannel(0.08) | Empty | 0.00 | 1.00 | 76412540.0 | 500000000
  0.784 | yanki | 1.99 | 1.00 | 0.00 | 0.0 | 0 | CastChannel(0.10) | Empty | 0.00 | 1.00 | 76412540.0 | 500000000
  0.784 | yanki | 1.99 | 1.00 | 0.00 | 0.0 | 0 | CastChannel(0.12) | Empty | 0.00 | 1.00 | 76412540.0 | 500000000
  0.801 | yanki | 2.01 | 1.00 | 0.00 | 0.0 | 0 | CastChannel(0.13) | Empty | 0.00 | 1.00 | 76412440.0 | 500000000
  0.817 | yanki | 2.04 | 1.00 | 0.00 | 0.0 | 0 | CastChannel(0.15) | Empty | 0.00 | 1.00 | 76412340.0 | 500000000
  0.834 | yanki | 2.06 | 1.00 | 0.00 | 0.0 | 0 | CastChannel(0.17) | Empty | 0.00 | 1.00 | 76412250.0 | 500000000
  0.851 |  | 2.08 | 1.00 | 0.00 | 0.0 | 0 | CastChannel(0.18) | Empty | 0.00 | 1.00 | 76412140.0 | 500000000
  0.867 | - | 2.10 | 1.00 | 0.00 | 0.0 | 0 | CastChannel(0.20) | Empty | 0.00 | 1.00 | 76412050.0 | 500000000
  0.884 | - | 2.12 | 1.00 | 0.00 | 0.0 | 0 | CastChannel(0.22) | Empty | 0.00 | 1.00 | 76411940.0 | 500000000
  0.901 | - | 2.14 | 1.00 | 0.00 | 0.0 | 0 | CastChannel(0.23) | Empty | 0.00 | 1.00 | 76411850.0 | 500000000
  0.917 | - | 2.16 | 1.00 | 0.00 | 0.0 | 0 | CastChannel(0.25) | Empty | 0.00 | 1.00 | 76411740.0 | 500000000
  0.934 | - | 2.17 | 1.00 | 0.00 | 0.0 | 0 | CastChannel(0.27) | Empty | 0.00 | 1.00 | 76411650.0 | 500000000
  0.951 | - | 2.19 | 1.00 | 0.00 | 0.0 | 0 | CastChannel(0.28) | Empty | 0.00 | 1.00 | 76411540.0 | 500000000
  0.967 | - | 2.21 | 1.00 | 0.00 | 0.0 | 0 | CastChannel(0.30) | Empty | 0.00 | 1.00 | 76411450.0 | 500000000
  0.984 | - | 2.22 | 1.00 | 0.00 | 0.0 | 0 | CastChannel(0.32) | Empty | 0.00 | 1.00 | 76411350.0 | 500000000
  1.001 | - | 2.23 | 1.00 | 0.00 | 0.0 | 0 | CastChannel(0.33) | Empty | 0.00 | 1.00 | 76411250.0 | 500000000
  1.017 | - | 2.25 | 1.00 | 0.00 | 0.0 | 0 | CastChannel(0.35) | Empty | 0.00 | 1.00 | 76411150.0 | 500000000
  1.034 | - | 2.26 | 1.00 | 0.00 | 0.0 | 0 | CastChannel(0.37) | Empty | 0.00 | 1.00 | 76411050.0 | 500000000
  1.051 | - | 2.27 | 1.00 | 0.00 | 0.0 | 0 | CastChannel(0.38) | Empty | 0.00 | 1.00 | 76410950.0 | 500000000
  1.067 | - | 2.28 | 1.00 | 0.00 | 0.0 | 0 | CastChannel(0.40) | Empty | 0.00 | 1.00 | 76410860.0 | 500000000
  1.084 | - | 2.29 | 1.00 | 0.00 | 0.0 | 0 | CastChannel(0.42) | Empty | 0.00 | 1.00 | 76410760.0 | 500000000
  1.101 | - | 2.30 | 1.00 | 0.00 | 0.0 | 0 | CastChannel(0.43) | Empty | 0.00 | 1.00 | 76410660.0 | 500000000
  1.117 | - | 2.31 | 1.00 | 0.00 | 0.0 | 0 | CastChannel(0.45) | Empty | 0.00 | 1.00 | 76410560.0 | 500000000
  1.134 | - | 2.32 | 1.00 | 0.00 | 0.0 | 0 | CastChannel(0.47) | Empty | 0.00 | 1.00 | 76410460.0 | 500000000
  1.151 | - | 2.33 | 1.00 | 0.00 | 0.0 | 0 | CastChannel(0.48) | Empty | 0.00 | 1.00 | 76410360.0 | 500000000
  1.167 | - | 2.34 | 1.00 | 0.00 | 0.0 | 0 | CastChannel(0.50) | Empty | 0.00 | 1.00 | 76410260.0 | 500000000
  1.184 | - | 2.34 | 1.00 | 0.00 | 0.0 | 0 | CastChannel(0.52) | Empty | 0.00 | 1.00 | 76410170.0 | 500000000
  1.201 | - | 2.35 | 1.00 | 0.00 | 0.0 | 0 | CastChannel(0.53) | Empty | 0.00 | 1.00 | 76410060.0 | 500000000
  1.217 | - | 2.36 | 1.00 | 0.00 | 0.0 | 0 | CastChannel(0.55) | Empty | 0.00 | 1.00 | 76409970.0 | 500000000
  1.234 | - | 2.36 | 1.00 | 0.00 | 0.0 | 0 | CastChannel(0.57) | Empty | 0.00 | 1.00 | 76409870.0 | 500000000
  1.250 | - | 2.37 | 1.00 | 0.00 | 0.0 | 0 | CastChannel(0.58) | Empty | 0.00 | 1.00 | 76409780.0 | 500000000
  1.267 | - | 2.37 | 1.00 | 0.00 | 0.0 | 0 | CastChannel(0.60) | Empty | 0.00 | 1.00 | 76409680.0 | 500000000
  1.286 | - | 2.38 | 1.00 | 0.00 | 0.0 | 0 | CastChannel(0.62) | Empty | 0.00 | 1.00 | 76409570.0 | 500000000
  1.300 | - | 2.39 | 1.00 | 0.00 | 0.0 | 0 | CastChannel(0.63) | Empty | 0.00 | 1.00 | 76409480.0 | 500000000
  1.317 | - | 2.39 | 1.00 | 0.00 | 0.0 | 0 | CastChannel(0.65) | Empty | 0.00 | 1.00 | 76409380.0 | 500000000
  1.334 | - | 2.39 | 1.00 | 0.00 | 0.0 | 0 | CastChannel(0.67) | Empty | 0.00 | 1.00 | 76409280.0 | 500000000
  1.351 | - | 2.40 | 1.00 | 0.00 | 0.0 | 0 | CastChannel(0.68) | Empty | 0.00 | 1.00 | 76409180.0 | 500000000
  1.367 | - | 2.40 | 1.00 | 0.00 | 0.0 | 0 | CastChannel(0.70) | Empty | 0.00 | 1.00 | 76409090.0 | 500000000

